# Crooked-pipe probe temperatures, Steinberg & Heizler 2022 Fig. 8
# Probes (r, z_axis=x): P1 (0, 0.25), P2 (0, 2.75), P3 (1.25, 3.5), P4 (0, 4.25), P5 (0, 6.75) cm
# t_ns, cycle, T1_keV, T2_keV, T3_keV, T4_keV, T5_keV
0, 0, 0.05, 0.05, 0.05, 0.05, 0.05
0.01, 1, 0.0500426, 0.0499953, 0.0499952, 0.0499952, 0.049995
0.021, 2, 0.0566402, 0.0499913, 0.0499912, 0.0499912, 0.0499904
0.0331, 3, 0.0699264, 0.0499891, 0.0499884, 0.0499888, 0.0499871
0.04641, 4, 0.0829724, 0.0499879, 0.0499884, 0.0499875, 0.0499865
0.061051, 5, 0.096858, 0.0499884, 0.0499862, 0.0499876, 0.0499838
0.0771561, 6, 0.112087, 0.0499881, 0.0499864, 0.0499871, 0.0499811
0.0948717, 7, 0.132846, 0.0500233, 0.0499863, 0.0499861, 0.0499792
0.114359, 8, 0.153011, 0.0502798, 0.0499847, 0.0499864, 0.0499784
0.135795, 9, 0.177492, 0.0505953, 0.0499858, 0.0499884, 0.0499758
0.159374, 10, 0.201794, 0.0511138, 0.049987, 0.049989, 0.0499738
0.185312, 11, 0.224384, 0.0519484, 0.0499894, 0.0499864, 0.0499682
0.213843, 12, 0.247701, 0.0527388, 0.0499883, 0.0499868, 0.049963
0.245227, 13, 0.267492, 0.0531958, 0.0499873, 0.049984, 0.0499643
0.27975, 14, 0.283674, 0.0535893, 0.0499954, 0.0499829, 0.0499572
0.317725, 15, 0.305922, 0.0542495, 0.0499886, 0.0499794, 0.0499591
0.359497, 16, 0.326313, 0.0550843, 0.0499876, 0.04998, 0.0499571
0.405447, 17, 0.333173, 0.0560487, 0.0499888, 0.0499837, 0.0499498
0.455992, 18, 0.338857, 0.0572781, 0.0499922, 0.0499791, 0.0499481
0.511591, 19, 0.346208, 0.0590117, 0.0499971, 0.0499764, 0.0499394
0.57275, 20, 0.343866, 0.059903, 0.0499957, 0.0499693, 0.0499303
0.640025, 21, 0.351979, 0.0624005, 0.0499814, 0.0499647, 0.0499274
0.714027, 22, 0.357066, 0.0649911, 0.0499897, 0.0499702, 0.0499174
0.79543, 23, 0.352958, 0.0674479, 0.0499857, 0.0499661, 0.0499125
0.884973, 24, 0.354085, 0.0693573, 0.0499828, 0.0499625, 0.0499161
0.983471, 25, 0.359121, 0.07151, 0.0499909, 0.049963, 0.0499124
1.09182, 26, 0.358213, 0.0741749, 0.0499607, 0.049953, 0.0498916
1.211, 27, 0.355004, 0.0778046, 0.0499477, 0.0499591, 0.0498912
1.3421, 28, 0.373867, 0.0797437, 0.0499581, 0.0499479, 0.0498812
1.48631, 29, 0.373041, 0.0827865, 0.0499735, 0.0499285, 0.0498509
1.64494, 30, 0.370592, 0.0879856, 0.0499955, 0.0499124, 0.0498421
1.81943, 31, 0.373764, 0.094143, 0.0499686, 0.049907, 0.0498281
2.01138, 32, 0.368294, 0.100638, 0.0499834, 0.0498991, 0.0497967
2.22252, 33, 0.371762, 0.103898, 0.0499863, 0.0499073, 0.0497558
2.45477, 34, 0.379015, 0.109749, 0.0499753, 0.0498887, 0.0497517
2.71024, 35, 0.385253, 0.112431, 0.0500137, 0.0499001, 0.0497358
2.99127, 36, 0.39316, 0.115836, 0.0500531, 0.0499258, 0.0497362
3.30039, 37, 0.39225, 0.122267, 0.0500534, 0.0499134, 0.0496877
3.64043, 38, 0.391182, 0.125594, 0.0500277, 0.0499234, 0.0496882
4.01448, 39, 0.404154, 0.132953, 0.050068, 0.0498939, 0.0496845
4.42593, 40, 0.408092, 0.141585, 0.0501077, 0.0498991, 0.0496334
4.87852, 41, 0.405337, 0.147304, 0.0501243, 0.0498565, 0.0496084
5.37637, 42, 0.40243, 0.1483, 0.0501163, 0.0498135, 0.0495184
5.92401, 43, 0.411558, 0.152607, 0.0500993, 0.0497888, 0.049475
6.52641, 44, 0.411153, 0.158332, 0.0500523, 0.0497687, 0.0494053
7.18905, 45, 0.415645, 0.162597, 0.0501419, 0.0497548, 0.049314
7.91795, 46, 0.422788, 0.170822, 0.0502117, 0.0497537, 0.0492468
8.71975, 47, 0.415986, 0.188257, 0.0501279, 0.0497515, 0.0491623
9.60172, 48, 0.423339, 0.181901, 0.0500455, 0.0497166, 0.0489813
10.5719, 49, 0.435438, 0.188965, 0.0500303, 0.0496646, 0.0490143
11.5719, 50, 0.428659, 0.188447, 0.0499271, 0.0496333, 0.0488755
12.5719, 51, 0.437362, 0.189663, 0.049979, 0.0496023, 0.0486679
13.5719, 52, 0.43498, 0.196743, 0.0502169, 0.0495838, 0.048609
14.5719, 53, 0.43058, 0.207648, 0.0502007, 0.0496281, 0.0484888
15.5719, 54, 0.4375, 0.208023, 0.0500356, 0.0496132, 0.0484407
16.5719, 55, 0.438722, 0.201644, 0.0500641, 0.0495905, 0.048358
17.5719, 56, 0.43521, 0.208541, 0.0502305, 0.0495987, 0.0483216
18.5719, 57, 0.442937, 0.209424, 0.0502852, 0.0496149, 0.04821
19.5719, 58, 0.43758, 0.219046, 0.0503622, 0.0497491, 0.0480897
20.5719, 59, 0.443074, 0.221387, 0.0506863, 0.0497416, 0.0479195
21.5719, 60, 0.443141, 0.219335, 0.0508249, 0.049827, 0.0478283
22.5719, 61, 0.442528, 0.226133, 0.050959, 0.0498049, 0.0476834
23.5719, 62, 0.448579, 0.226707, 0.0511882, 0.0498833, 0.0477136
24.5719, 63, 0.439626, 0.230919, 0.05173, 0.0499533, 0.0476868
25.5719, 64, 0.438642, 0.236318, 0.0520095, 0.0498703, 0.0475001
26.5719, 65, 0.438416, 0.235272, 0.0524471, 0.049941, 0.047451
27.5719, 66, 0.446623, 0.236107, 0.0529083, 0.0500323, 0.0473939
28.5719, 67, 0.438937, 0.237416, 0.0535637, 0.0502082, 0.0473845
29.5719, 68, 0.436365, 0.241606, 0.0540928, 0.0501357, 0.0473432
30.5719, 69, 0.443864, 0.243006, 0.0542535, 0.0501699, 0.0471954
31.5719, 70, 0.44309, 0.23863, 0.0549837, 0.0501575, 0.0472413
32.5719, 71, 0.449988, 0.255086, 0.0556498, 0.0500769, 0.0470962
33.5719, 72, 0.444342, 0.243527, 0.0560712, 0.0500404, 0.0469825
34.5719, 73, 0.446623, 0.253623, 0.0567681, 0.0500927, 0.0469256
35.5719, 74, 0.443568, 0.249308, 0.0573416, 0.0500891, 0.046996
36.5719, 75, 0.448638, 0.255124, 0.0577223, 0.0501868, 0.0470016
37.5719, 76, 0.45339, 0.244843, 0.0585564, 0.0500919, 0.0468764
38.5719, 77, 0.45002, 0.246434, 0.0592887, 0.0500429, 0.0468176
39.5719, 78, 0.448837, 0.248447, 0.0603311, 0.0500428, 0.0468953
40.5719, 79, 0.448757, 0.249085, 0.0614701, 0.0501403, 0.0468413
41.5719, 80, 0.447866, 0.250892, 0.062673, 0.0501839, 0.046784
42.5719, 81, 0.451444, 0.255251, 0.0640615, 0.0501668, 0.046808
43.5719, 82, 0.450788, 0.255996, 0.0649432, 0.0501974, 0.0466967
44.5719, 83, 0.452883, 0.256092, 0.066243, 0.0502339, 0.0466805
45.5719, 84, 0.449963, 0.248637, 0.067125, 0.0503433, 0.0466322
46.5719, 85, 0.449972, 0.250036, 0.0683464, 0.050307, 0.0465449
47.5719, 86, 0.44362, 0.256363, 0.0688704, 0.0502722, 0.0465638
48.5719, 87, 0.448916, 0.258424, 0.0699774, 0.0502785, 0.0465753
49.5719, 88, 0.454682, 0.267749, 0.0714701, 0.0504293, 0.0467084
50.5719, 89, 0.455485, 0.259017, 0.0728725, 0.0504245, 0.0466761
51.5719, 90, 0.458278, 0.263776, 0.0739869, 0.0504589, 0.0466199
52.5719, 91, 0.450756, 0.264664, 0.0751467, 0.0503312, 0.0465886
53.5719, 92, 0.450474, 0.26284, 0.0761368, 0.0503753, 0.0465469
54.5719, 93, 0.448614, 0.259658, 0.0776148, 0.0504749, 0.046527
55.5719, 94, 0.45139, 0.26026, 0.0781388, 0.0504886, 0.0464698
56.5719, 95, 0.451491, 0.257457, 0.0791691, 0.0503134, 0.0463992
57.5719, 96, 0.454395, 0.263843, 0.0801844, 0.0502152, 0.0465284
58.5719, 97, 0.457336, 0.264112, 0.0817626, 0.0501889, 0.0465701
59.5719, 98, 0.454054, 0.264105, 0.0826871, 0.0502941, 0.0465916
60.5719, 99, 0.453103, 0.267309, 0.0827637, 0.0502613, 0.0465838
61.5719, 100, 0.449851, 0.261386, 0.0839523, 0.0502422, 0.0465213
62.5719, 101, 0.454261, 0.264231, 0.0847817, 0.050205, 0.0465157
63.5719, 102, 0.451928, 0.270215, 0.0856657, 0.0502374, 0.0465721
64.5719, 103, 0.460011, 0.263834, 0.0868992, 0.0502402, 0.0464574
65.5719, 104, 0.452698, 0.265936, 0.087918, 0.0501885, 0.0464755
66.5719, 105, 0.457909, 0.259005, 0.0883711, 0.0502129, 0.0465037
67.5719, 106, 0.453844, 0.262865, 0.0888916, 0.0503953, 0.0464642
68.5719, 107, 0.453664, 0.2631, 0.0907263, 0.0504053, 0.0463809
69.5719, 108, 0.452885, 0.271858, 0.0911276, 0.0504359, 0.0463106
70.5719, 109, 0.455205, 0.276816, 0.0922702, 0.0504441, 0.0462481
71.5719, 110, 0.460921, 0.272652, 0.0929495, 0.0506655, 0.0463175
72.5719, 111, 0.452057, 0.267443, 0.0936319, 0.0507099, 0.0462301
73.5719, 112, 0.453313, 0.269933, 0.0937566, 0.0506317, 0.0462259
74.5719, 113, 0.455215, 0.270951, 0.0951385, 0.0507165, 0.0462367
75.5719, 114, 0.466608, 0.271017, 0.0948997, 0.0507381, 0.0462417
76.5719, 115, 0.460646, 0.270239, 0.0951906, 0.0508147, 0.0463329
77.5719, 116, 0.448791, 0.268536, 0.0965651, 0.0508836, 0.0463255
78.5719, 117, 0.465242, 0.274211, 0.0968386, 0.0509574, 0.0463085
79.5719, 118, 0.457169, 0.266322, 0.0971873, 0.0509363, 0.0462749
80.5719, 119, 0.457574, 0.267701, 0.0979594, 0.0509164, 0.0462707
81.5719, 120, 0.450772, 0.267814, 0.0984273, 0.0509744, 0.046272
82.5719, 121, 0.454884, 0.271585, 0.0990957, 0.051034, 0.0461767
83.5719, 122, 0.459394, 0.273446, 0.100031, 0.0512609, 0.0461782
84.5719, 123, 0.450602, 0.272081, 0.101669, 0.0514796, 0.046114
85.5719, 124, 0.450425, 0.270625, 0.102055, 0.0516031, 0.0460344
86.5719, 125, 0.45875, 0.277134, 0.103405, 0.0517125, 0.0460184
87.5719, 126, 0.448863, 0.270628, 0.102723, 0.052004, 0.0460789
88.5719, 127, 0.45206, 0.271564, 0.103084, 0.052191, 0.0460513
89.5719, 128, 0.462909, 0.273453, 0.103367, 0.0521859, 0.0461873
90.5719, 129, 0.456819, 0.274118, 0.103852, 0.0523583, 0.046123
91.5719, 130, 0.460072, 0.267915, 0.105543, 0.0524349, 0.0460875
92.5719, 131, 0.464654, 0.274832, 0.10598, 0.0525369, 0.0460766
93.5719, 132, 0.463611, 0.281276, 0.10619, 0.0525607, 0.0460879
94.5719, 133, 0.456234, 0.274943, 0.106657, 0.0527879, 0.0461579
95.5719, 134, 0.457363, 0.272979, 0.106577, 0.05281, 0.0462765
96.5719, 135, 0.452662, 0.271978, 0.106925, 0.0529584, 0.046192
97.5719, 136, 0.450378, 0.281773, 0.107249, 0.0531747, 0.0461011
98.5719, 137, 0.459595, 0.280197, 0.109059, 0.0534177, 0.0461642
99.5719, 138, 0.45436, 0.280601, 0.108879, 0.0533613, 0.0462476
100.572, 139, 0.457591, 0.281311, 0.109247, 0.0535597, 0.0462673
101.572, 140, 0.452647, 0.278299, 0.110079, 0.0537354, 0.0461302
102.572, 141, 0.454721, 0.276707, 0.110725, 0.0539127, 0.0461961
103.572, 142, 0.454519, 0.273213, 0.111405, 0.0540384, 0.0462904
104.572, 143, 0.459227, 0.290976, 0.111523, 0.0539719, 0.0462873
105.572, 144, 0.455415, 0.278432, 0.112083, 0.0540797, 0.0462794
106.572, 145, 0.459003, 0.275906, 0.112241, 0.0542261, 0.046238
107.572, 146, 0.450277, 0.27878, 0.111995, 0.0543362, 0.0462553
108.572, 147, 0.457223, 0.27681, 0.113334, 0.0544322, 0.0462394
109.572, 148, 0.452209, 0.277165, 0.114212, 0.054567, 0.0461407
110.572, 149, 0.456457, 0.274895, 0.113827, 0.0545797, 0.0461462
111.572, 150, 0.456229, 0.28121, 0.113988, 0.0548326, 0.046024
112.572, 151, 0.454293, 0.279292, 0.113861, 0.0549498, 0.0460541
113.572, 152, 0.44999, 0.274395, 0.115282, 0.0549905, 0.0460758
114.572, 153, 0.461182, 0.282894, 0.115489, 0.0552936, 0.0460884
115.572, 154, 0.464024, 0.28611, 0.11636, 0.0552935, 0.0460438
116.572, 155, 0.458899, 0.282414, 0.116624, 0.0555878, 0.0460103
117.572, 156, 0.458464, 0.279996, 0.117101, 0.0557719, 0.0460387
118.572, 157, 0.462461, 0.281826, 0.117558, 0.0560985, 0.0460236
119.572, 158, 0.452086, 0.281955, 0.118056, 0.05625, 0.046122
120.572, 159, 0.455597, 0.277809, 0.118337, 0.0564586, 0.046148
121.572, 160, 0.458347, 0.28069, 0.118854, 0.0566657, 0.0461361
122.572, 161, 0.452224, 0.28076, 0.119336, 0.0570085, 0.0461062
123.572, 162, 0.456844, 0.280476, 0.120243, 0.057056, 0.046068
124.572, 163, 0.453456, 0.282704, 0.120655, 0.057162, 0.0460673
125.572, 164, 0.454668, 0.287709, 0.121632, 0.0575192, 0.046033
126.572, 165, 0.449646, 0.28375, 0.120422, 0.0577199, 0.0459981
127.572, 166, 0.466091, 0.286613, 0.120782, 0.0577197, 0.0460352
128.572, 167, 0.460885, 0.286603, 0.121232, 0.0576625, 0.0459687
129.572, 168, 0.45539, 0.282229, 0.12117, 0.0576609, 0.0458569
130.572, 169, 0.452372, 0.282209, 0.120524, 0.0579655, 0.0459012
131.572, 170, 0.457323, 0.280201, 0.121086, 0.0580866, 0.0458362
132.572, 171, 0.452397, 0.278546, 0.122659, 0.0583068, 0.0458744
133.572, 172, 0.45923, 0.283359, 0.124924, 0.058544, 0.0460287
134.572, 173, 0.458857, 0.280686, 0.125131, 0.0585784, 0.0460439
135.572, 174, 0.462263, 0.286295, 0.125549, 0.0587293, 0.0459378
136.572, 175, 0.454366, 0.282819, 0.12605, 0.059005, 0.0459382
137.572, 176, 0.456022, 0.287619, 0.127041, 0.0595877, 0.0460158
138.572, 177, 0.454522, 0.288599, 0.127608, 0.0598917, 0.0460064
139.572, 178, 0.453842, 0.283133, 0.126719, 0.0605625, 0.0460239
140.572, 179, 0.45979, 0.286836, 0.125816, 0.0610016, 0.0459526
141.572, 180, 0.457062, 0.283556, 0.125835, 0.0610593, 0.0460883
142.572, 181, 0.455387, 0.281194, 0.126059, 0.061274, 0.0460255
143.572, 182, 0.458846, 0.28746, 0.125893, 0.0614506, 0.0460201
144.572, 183, 0.455888, 0.284994, 0.126679, 0.0614569, 0.04622
145.572, 184, 0.459932, 0.289386, 0.126105, 0.0616892, 0.0461306
146.572, 185, 0.453495, 0.286868, 0.126746, 0.0618245, 0.0460916
147.572, 186, 0.454075, 0.291127, 0.128867, 0.0621078, 0.0460007
148.572, 187, 0.453727, 0.282628, 0.129568, 0.062097, 0.0459537
149.572, 188, 0.458121, 0.282584, 0.128747, 0.0624339, 0.0459265
150.572, 189, 0.462574, 0.289051, 0.128441, 0.0627681, 0.0459565
151.572, 190, 0.464185, 0.287111, 0.129309, 0.0630288, 0.0460276
152.572, 191, 0.455091, 0.285751, 0.129593, 0.0632344, 0.0459595
153.572, 192, 0.455674, 0.286764, 0.130583, 0.0631787, 0.0459373
154.572, 193, 0.461207, 0.284935, 0.131312, 0.0636284, 0.0460899
155.572, 194, 0.461637, 0.288689, 0.130798, 0.0638135, 0.0462107
156.572, 195, 0.453916, 0.287724, 0.13196, 0.0642366, 0.0461716
157.572, 196, 0.459469, 0.288672, 0.132073, 0.0645537, 0.0461146
158.572, 197, 0.452207, 0.284988, 0.132652, 0.0647741, 0.0460166
159.572, 198, 0.456346, 0.288721, 0.131657, 0.0654056, 0.0460646
160.572, 199, 0.456934, 0.286161, 0.134338, 0.0652517, 0.0460449
161.572, 200, 0.467921, 0.28458, 0.134285, 0.0652812, 0.045951
162.572, 201, 0.458701, 0.285344, 0.133934, 0.0654607, 0.0459852
163.572, 202, 0.447757, 0.287835, 0.133846, 0.0656154, 0.0459225
164.572, 203, 0.464613, 0.284718, 0.133979, 0.0657097, 0.0458642
165.572, 204, 0.462196, 0.280494, 0.13375, 0.0662809, 0.0458175
166.572, 205, 0.462833, 0.286898, 0.133239, 0.0665119, 0.0457578
167.572, 206, 0.454707, 0.285466, 0.13388, 0.0666077, 0.0456854
168.572, 207, 0.459887, 0.290499, 0.135251, 0.0669052, 0.0456767
169.572, 208, 0.461595, 0.290763, 0.134244, 0.066987, 0.0455747
170.572, 209, 0.469025, 0.294696, 0.134216, 0.0677055, 0.0455382
171.572, 210, 0.458294, 0.288805, 0.135841, 0.0683893, 0.0455214
172.572, 211, 0.456765, 0.291342, 0.135993, 0.0687124, 0.0455069
173.572, 212, 0.46501, 0.290604, 0.136263, 0.0690833, 0.0456401
174.572, 213, 0.468017, 0.291215, 0.137024, 0.0690255, 0.0456204
175.572, 214, 0.465803, 0.286312, 0.137185, 0.0692215, 0.0456769
176.572, 215, 0.455528, 0.294104, 0.137616, 0.0696526, 0.0456279
177.572, 216, 0.46251, 0.294177, 0.138336, 0.0698491, 0.0456182
178.572, 217, 0.461611, 0.289466, 0.137779, 0.0702603, 0.0456713
179.572, 218, 0.46303, 0.285084, 0.138194, 0.0704598, 0.0456562
180.572, 219, 0.463013, 0.286194, 0.137802, 0.0706184, 0.0457044
181.572, 220, 0.46288, 0.289693, 0.137894, 0.0706398, 0.0456816
182.572, 221, 0.450054, 0.287903, 0.137419, 0.0709747, 0.0456243
183.572, 222, 0.456093, 0.290992, 0.138252, 0.0710537, 0.0455643
184.572, 223, 0.462551, 0.285125, 0.138752, 0.0715226, 0.0455137
185.572, 224, 0.463691, 0.286325, 0.139087, 0.0719765, 0.0455216
186.572, 225, 0.458379, 0.285722, 0.143341, 0.0722058, 0.0454668
187.572, 226, 0.457953, 0.289096, 0.141335, 0.0724562, 0.0455365
188.572, 227, 0.460378, 0.287147, 0.142165, 0.073013, 0.0454194
189.572, 228, 0.461585, 0.289624, 0.141577, 0.073266, 0.0454697
190.572, 229, 0.461058, 0.288662, 0.142308, 0.0735869, 0.045436
191.572, 230, 0.458694, 0.288164, 0.141628, 0.0734472, 0.045423
192.572, 231, 0.458927, 0.291423, 0.142275, 0.0735037, 0.045502
193.572, 232, 0.461687, 0.290991, 0.141364, 0.0739004, 0.0455861
194.572, 233, 0.458476, 0.291456, 0.141568, 0.0741284, 0.0456693
195.572, 234, 0.459646, 0.291482, 0.141637, 0.074125, 0.0456576
196.572, 235, 0.456907, 0.28871, 0.141657, 0.074433, 0.0457489
197.572, 236, 0.462271, 0.295358, 0.143007, 0.0744365, 0.0456958
198.572, 237, 0.455544, 0.292711, 0.143185, 0.0747592, 0.0457017
199.572, 238, 0.460627, 0.292279, 0.143664, 0.0746679, 0.045765
200.572, 239, 0.467835, 0.289725, 0.14305, 0.0746815, 0.0457593
201.572, 240, 0.464773, 0.29264, 0.14416, 0.0746615, 0.0457293
202.572, 241, 0.462564, 0.286708, 0.14378, 0.0746388, 0.0456984
203.572, 242, 0.463925, 0.287782, 0.143685, 0.0751439, 0.0456394
204.572, 243, 0.454993, 0.297679, 0.146239, 0.0752905, 0.0456958
205.572, 244, 0.459787, 0.290458, 0.145804, 0.0759281, 0.0457002
206.572, 245, 0.458308, 0.288833, 0.145803, 0.0768491, 0.0456902
207.572, 246, 0.460696, 0.290064, 0.145583, 0.0767542, 0.0455799
208.572, 247, 0.461604, 0.292518, 0.145945, 0.0771458, 0.0455317
209.572, 248, 0.462526, 0.293773, 0.144623, 0.0777514, 0.0456017
210.572, 249, 0.463853, 0.291714, 0.145708, 0.078329, 0.0455236
211.572, 250, 0.463414, 0.289504, 0.14486, 0.0784594, 0.0455473
212.572, 251, 0.465137, 0.298182, 0.147486, 0.0791265, 0.0455732
213.572, 252, 0.458377, 0.293398, 0.147264, 0.0797383, 0.04552
214.572, 253, 0.462179, 0.295017, 0.147859, 0.0801484, 0.0454789
215.572, 254, 0.464903, 0.289647, 0.147167, 0.0807048, 0.0454536
216.572, 255, 0.457345, 0.291426, 0.14691, 0.0810082, 0.0455091
217.572, 256, 0.464052, 0.291983, 0.146626, 0.081247, 0.0454897
218.572, 257, 0.460663, 0.287392, 0.147502, 0.0811532, 0.0454382
219.572, 258, 0.457438, 0.289901, 0.148181, 0.0813123, 0.0455521
220.572, 259, 0.459363, 0.300902, 0.149295, 0.0816224, 0.0455024
221.572, 260, 0.46086, 0.296561, 0.148222, 0.0825482, 0.0455356
222.572, 261, 0.466473, 0.299894, 0.148335, 0.0824876, 0.0454866
223.572, 262, 0.461277, 0.28917, 0.149753, 0.0826063, 0.0455102
224.572, 263, 0.458978, 0.29506, 0.148977, 0.0821775, 0.0455133
225.572, 264, 0.462575, 0.304603, 0.148451, 0.0826906, 0.0456104
226.572, 265, 0.459827, 0.292508, 0.150132, 0.0822268, 0.0457181
227.572, 266, 0.461122, 0.294775, 0.150188, 0.0826436, 0.0457614
228.572, 267, 0.46197, 0.295775, 0.150565, 0.0826543, 0.0457898
229.572, 268, 0.462785, 0.294183, 0.149023, 0.0833214, 0.045904
230.572, 269, 0.457087, 0.295058, 0.149687, 0.0841743, 0.0458779
231.572, 270, 0.45113, 0.290564, 0.149027, 0.0844973, 0.0459165
232.572, 271, 0.448847, 0.294637, 0.149668, 0.0844894, 0.0458941
233.572, 272, 0.457137, 0.289597, 0.150771, 0.0845487, 0.0459038
234.572, 273, 0.462961, 0.297916, 0.151531, 0.0849209, 0.0459418
235.572, 274, 0.471295, 0.292184, 0.151597, 0.0854599, 0.0459036
236.572, 275, 0.460534, 0.297262, 0.151296, 0.0853443, 0.0459647
237.572, 276, 0.459945, 0.291137, 0.150793, 0.0855888, 0.0459319
238.572, 277, 0.459684, 0.290742, 0.151687, 0.085842, 0.0457914
239.572, 278, 0.459998, 0.293953, 0.151723, 0.0861203, 0.045974
240.572, 279, 0.457242, 0.294593, 0.151633, 0.0862137, 0.0459424
241.572, 280, 0.459363, 0.296214, 0.151936, 0.0864488, 0.0459521
242.572, 281, 0.467281, 0.292366, 0.152121, 0.0866309, 0.0460605
243.572, 282, 0.462527, 0.299661, 0.152667, 0.0864835, 0.0459963
244.572, 283, 0.469688, 0.298186, 0.154196, 0.0869323, 0.0460714
245.572, 284, 0.47018, 0.292421, 0.153368, 0.0880204, 0.0459697
246.572, 285, 0.457189, 0.304509, 0.153409, 0.0883843, 0.0458863
247.572, 286, 0.462199, 0.297441, 0.155496, 0.0888161, 0.045848
248.572, 287, 0.470526, 0.297332, 0.153753, 0.0883979, 0.0458236
249.572, 288, 0.463152, 0.294456, 0.154022, 0.0882832, 0.0458419
250.572, 289, 0.455239, 0.298733, 0.154444, 0.0887914, 0.0457821
251.572, 290, 0.468704, 0.294422, 0.155412, 0.0890907, 0.0457097
252.572, 291, 0.462761, 0.295195, 0.155516, 0.0895449, 0.0456486
253.572, 292, 0.462991, 0.296664, 0.15409, 0.0899332, 0.0455106
254.572, 293, 0.464906, 0.298142, 0.154519, 0.0897857, 0.04551
255.572, 294, 0.462676, 0.296702, 0.154648, 0.0895187, 0.0455274
256.572, 295, 0.463224, 0.293255, 0.154199, 0.0897634, 0.0455865
257.572, 296, 0.458527, 0.297216, 0.154091, 0.090355, 0.0455389
258.572, 297, 0.465133, 0.296701, 0.155396, 0.0914124, 0.0456616
259.572, 298, 0.457396, 0.295287, 0.155712, 0.0913743, 0.0457254
260.572, 299, 0.458807, 0.291178, 0.155239, 0.0919969, 0.045764
261.572, 300, 0.461452, 0.294643, 0.15476, 0.0923648, 0.0457028
262.572, 301, 0.457421, 0.296112, 0.155768, 0.0924034, 0.0457714
263.572, 302, 0.453831, 0.296373, 0.155935, 0.0921302, 0.0457653
264.572, 303, 0.463895, 0.297767, 0.1577, 0.0924235, 0.0458172
265.572, 304, 0.470552, 0.293319, 0.157658, 0.0923526, 0.045836
266.572, 305, 0.459464, 0.299043, 0.157891, 0.0925285, 0.0459445
267.572, 306, 0.45371, 0.295643, 0.158887, 0.0929283, 0.0459505
268.572, 307, 0.463099, 0.299371, 0.159737, 0.092561, 0.046117
269.572, 308, 0.462617, 0.296064, 0.159785, 0.0926657, 0.0461106
270.572, 309, 0.459357, 0.297724, 0.158065, 0.0930064, 0.0460278
271.572, 310, 0.45953, 0.295616, 0.158816, 0.0936874, 0.0460185
272.572, 311, 0.46148, 0.295536, 0.159825, 0.0939756, 0.0460179
273.572, 312, 0.453412, 0.295438, 0.159165, 0.0943874, 0.0460736
274.572, 313, 0.462628, 0.297259, 0.158723, 0.094077, 0.046029
275.572, 314, 0.457383, 0.294961, 0.159495, 0.0949028, 0.0460453
276.572, 315, 0.466071, 0.302794, 0.160271, 0.0950814, 0.0460111
277.572, 316, 0.463799, 0.299861, 0.158575, 0.0949194, 0.0459757
278.572, 317, 0.467296, 0.300448, 0.157499, 0.0950672, 0.0459213
279.572, 318, 0.460801, 0.298554, 0.159311, 0.0954295, 0.0458892
280.572, 319, 0.462133, 0.295982, 0.160236, 0.0956068, 0.0458726
281.572, 320, 0.462751, 0.297052, 0.161213, 0.0949251, 0.0459681
282.572, 321, 0.467724, 0.298039, 0.161932, 0.0952211, 0.0459726
283.572, 322, 0.463966, 0.30522, 0.161033, 0.0959508, 0.0459929
284.572, 323, 0.468873, 0.300108, 0.161172, 0.09594, 0.04589
285.572, 324, 0.455279, 0.299627, 0.161867, 0.0957266, 0.0458763
286.572, 325, 0.453954, 0.298115, 0.16063, 0.0956775, 0.0458964
287.572, 326, 0.466256, 0.300959, 0.161036, 0.0963669, 0.0458629
288.572, 327, 0.466318, 0.300176, 0.16059, 0.09616, 0.0457976
289.572, 328, 0.46721, 0.298855, 0.161342, 0.0967599, 0.0458655
290.572, 329, 0.463239, 0.296262, 0.1616, 0.0968578, 0.0459483
291.572, 330, 0.458888, 0.29581, 0.162007, 0.0969455, 0.0460244
292.572, 331, 0.456825, 0.295369, 0.161763, 0.0977339, 0.0459065
293.572, 332, 0.458889, 0.298365, 0.162269, 0.0975124, 0.0459785
294.572, 333, 0.462742, 0.299796, 0.161541, 0.0979299, 0.0459102
295.572, 334, 0.469603, 0.296807, 0.161397, 0.0982492, 0.0459137
296.572, 335, 0.462523, 0.296633, 0.161637, 0.0986098, 0.0460347
297.572, 336, 0.463774, 0.295068, 0.162923, 0.0986347, 0.0460756
298.572, 337, 0.46259, 0.294398, 0.162841, 0.0984548, 0.0460289
299.572, 338, 0.46302, 0.300653, 0.162209, 0.0988353, 0.0459847
300.572, 339, 0.463619, 0.296592, 0.162857, 0.0994427, 0.0459599
301.572, 340, 0.46386, 0.292411, 0.163108, 0.0997185, 0.0458809
302.572, 341, 0.467233, 0.294879, 0.163197, 0.100055, 0.0459891
303.572, 342, 0.459701, 0.300149, 0.162979, 0.100156, 0.0460051
304.572, 343, 0.460536, 0.29916, 0.164826, 0.100608, 0.0460652
305.572, 344, 0.463855, 0.303711, 0.163581, 0.101488, 0.0461139
306.572, 345, 0.45757, 0.300924, 0.163771, 0.101523, 0.0462985
307.572, 346, 0.461183, 0.300852, 0.163542, 0.100893, 0.0463564
308.572, 347, 0.468414, 0.300078, 0.163333, 0.100961, 0.0463178
309.572, 348, 0.463846, 0.298256, 0.163771, 0.100579, 0.0464844
310.572, 349, 0.461435, 0.295023, 0.162209, 0.101054, 0.0465857
311.572, 350, 0.465434, 0.299221, 0.163368, 0.101268, 0.0465797
312.572, 351, 0.469042, 0.301478, 0.162928, 0.101457, 0.0466252
313.572, 352, 0.466864, 0.297677, 0.164197, 0.101784, 0.0467755
314.572, 353, 0.462731, 0.298702, 0.16584, 0.102953, 0.0468282
315.572, 354, 0.464389, 0.302268, 0.165532, 0.102716, 0.0467461
316.572, 355, 0.460241, 0.300041, 0.166565, 0.103592, 0.0467949
317.572, 356, 0.459081, 0.304286, 0.16697, 0.103443, 0.0468189
318.572, 357, 0.459897, 0.30157, 0.166696, 0.102987, 0.0468839
319.572, 358, 0.463047, 0.302117, 0.16551, 0.103199, 0.0468675
320.572, 359, 0.459031, 0.303038, 0.166571, 0.103807, 0.0468539
321.572, 360, 0.46043, 0.298706, 0.166558, 0.103232, 0.0469433
322.572, 361, 0.461579, 0.294379, 0.1657, 0.103274, 0.0469867
323.572, 362, 0.461582, 0.298524, 0.166066, 0.103445, 0.0468662
324.572, 363, 0.464181, 0.298833, 0.166129, 0.104762, 0.0469133
325.572, 364, 0.461676, 0.295992, 0.165524, 0.105035, 0.0469165
326.572, 365, 0.448991, 0.295548, 0.165768, 0.104904, 0.0470229
327.572, 366, 0.469455, 0.298734, 0.165039, 0.106202, 0.0469818
328.572, 367, 0.461992, 0.299671, 0.165585, 0.105982, 0.0469001
329.572, 368, 0.466006, 0.29949, 0.166449, 0.105845, 0.0469053
330.572, 369, 0.461468, 0.297991, 0.168481, 0.10603, 0.0468112
331.572, 370, 0.462763, 0.301656, 0.167708, 0.106203, 0.0468382
332.572, 371, 0.462803, 0.302182, 0.166673, 0.106915, 0.0468203
333.572, 372, 0.466117, 0.303232, 0.166152, 0.107941, 0.0467806
334.572, 373, 0.459095, 0.304131, 0.166495, 0.107252, 0.0469152
335.572, 374, 0.454859, 0.30174, 0.166952, 0.107245, 0.0469868
336.572, 375, 0.470058, 0.310404, 0.167386, 0.107889, 0.0470319
337.572, 376, 0.454101, 0.298725, 0.166912, 0.107225, 0.047038
338.572, 377, 0.461914, 0.302118, 0.167952, 0.107742, 0.0470328
339.572, 378, 0.462978, 0.300982, 0.16816, 0.107742, 0.047078
340.572, 379, 0.463064, 0.301035, 0.168056, 0.108074, 0.0471096
341.572, 380, 0.464903, 0.301342, 0.168342, 0.108602, 0.0470759
342.572, 381, 0.463982, 0.300402, 0.178058, 0.107691, 0.0470418
343.572, 382, 0.467381, 0.303255, 0.172374, 0.107209, 0.0471251
344.572, 383, 0.463591, 0.299313, 0.170739, 0.107652, 0.0470255
345.572, 384, 0.457514, 0.300626, 0.169989, 0.108349, 0.0471108
346.572, 385, 0.463988, 0.304527, 0.169165, 0.10909, 0.0471554
347.572, 386, 0.462688, 0.303008, 0.169105, 0.109559, 0.0471474
348.572, 387, 0.461961, 0.296909, 0.168396, 0.108645, 0.0472301
349.572, 388, 0.463599, 0.297609, 0.168724, 0.108582, 0.0471003
350.572, 389, 0.461261, 0.30012, 0.171216, 0.109619, 0.0471406
351.572, 390, 0.460969, 0.296069, 0.171025, 0.109492, 0.0474731
352.572, 391, 0.461639, 0.302102, 0.170373, 0.110764, 0.0474429
353.572, 392, 0.459422, 0.303944, 0.170277, 0.110716, 0.0474389
354.572, 393, 0.46553, 0.298722, 0.169922, 0.109725, 0.0474349
355.572, 394, 0.465705, 0.30517, 0.17086, 0.109959, 0.0475289
356.572, 395, 0.458618, 0.303209, 0.170338, 0.11046, 0.0475931
357.572, 396, 0.460809, 0.304646, 0.170869, 0.110637, 0.0476316
358.572, 397, 0.459946, 0.302394, 0.171472, 0.111177, 0.0476507
359.572, 398, 0.464048, 0.298903, 0.171784, 0.110348, 0.0475554
360.572, 399, 0.46953, 0.301846, 0.170756, 0.110993, 0.0476002
361.572, 400, 0.460054, 0.300167, 0.174682, 0.110583, 0.0475628
362.572, 401, 0.467214, 0.297523, 0.171586, 0.111321, 0.0475715
363.572, 402, 0.45396, 0.298542, 0.171284, 0.111868, 0.0477141
364.572, 403, 0.459327, 0.297848, 0.170291, 0.111892, 0.047709
365.572, 404, 0.464856, 0.301253, 0.172648, 0.112227, 0.047696
366.572, 405, 0.458064, 0.298632, 0.172554, 0.113755, 0.0477208
367.572, 406, 0.471983, 0.299941, 0.171908, 0.113323, 0.0479226
368.572, 407, 0.461337, 0.306082, 0.172255, 0.112452, 0.0478848
369.572, 408, 0.462471, 0.302144, 0.172017, 0.111881, 0.0479458
370.572, 409, 0.469155, 0.299277, 0.172422, 0.113662, 0.0480466
371.572, 410, 0.463882, 0.302526, 0.172167, 0.113697, 0.0480833
372.572, 411, 0.456948, 0.298404, 0.173274, 0.113739, 0.0481387
373.572, 412, 0.45896, 0.306669, 0.171569, 0.113253, 0.0481957
374.572, 413, 0.463589, 0.301237, 0.172236, 0.114387, 0.048235
375.572, 414, 0.466901, 0.304925, 0.172017, 0.114364, 0.0483653
376.572, 415, 0.460533, 0.297761, 0.171599, 0.11346, 0.0483247
377.572, 416, 0.452343, 0.297578, 0.172988, 0.113851, 0.0484298
378.572, 417, 0.451095, 0.300374, 0.172885, 0.114263, 0.0484339
379.572, 418, 0.464585, 0.299527, 0.173755, 0.115333, 0.048541
380.572, 419, 0.456867, 0.302947, 0.172976, 0.115183, 0.0486311
381.572, 420, 0.46437, 0.300056, 0.173323, 0.115081, 0.0486836
382.572, 421, 0.45531, 0.299151, 0.173572, 0.114103, 0.0489238
383.572, 422, 0.46433, 0.301316, 0.174234, 0.114072, 0.0489778
384.572, 423, 0.464238, 0.302121, 0.173322, 0.1136, 0.0489737
385.572, 424, 0.473931, 0.300955, 0.174458, 0.114815, 0.0489501
386.572, 425, 0.456902, 0.303511, 0.175079, 0.115993, 0.0489455
387.572, 426, 0.457836, 0.305842, 0.174506, 0.116189, 0.0489945
388.572, 427, 0.462639, 0.302484, 0.174155, 0.116774, 0.0489758
389.572, 428, 0.466851, 0.302425, 0.174538, 0.116967, 0.0489952
390.572, 429, 0.46425, 0.298674, 0.173656, 0.1168, 0.0490679
391.572, 430, 0.454058, 0.29579, 0.173636, 0.115953, 0.0489765
392.572, 431, 0.463953, 0.301482, 0.172366, 0.115774, 0.0490168
393.572, 432, 0.464702, 0.304211, 0.174535, 0.116803, 0.049202
394.572, 433, 0.465352, 0.301638, 0.174774, 0.116986, 0.0491225
395.572, 434, 0.462268, 0.301194, 0.174261, 0.117907, 0.0491593
396.572, 435, 0.46438, 0.300425, 0.173871, 0.118011, 0.0490798
397.572, 436, 0.468604, 0.297879, 0.174288, 0.117816, 0.0489673
398.572, 437, 0.46081, 0.305945, 0.175381, 0.117144, 0.0490254
399.572, 438, 0.458753, 0.298881, 0.173974, 0.118707, 0.0490817
400.572, 439, 0.462811, 0.299094, 0.173539, 0.118346, 0.0492399
401.572, 440, 0.458788, 0.300291, 0.177058, 0.117707, 0.0492478
402.572, 441, 0.464145, 0.307185, 0.179041, 0.118187, 0.0492699
403.572, 442, 0.465013, 0.30484, 0.177193, 0.118373, 0.0492336
404.572, 443, 0.464012, 0.300814, 0.176063, 0.11823, 0.049306
405.572, 444, 0.460399, 0.301992, 0.17718, 0.119584, 0.0492774
406.572, 445, 0.45988, 0.303339, 0.176043, 0.118847, 0.049303
407.572, 446, 0.453644, 0.305238, 0.176669, 0.118985, 0.0493643
408.572, 447, 0.466429, 0.302619, 0.176612, 0.119995, 0.0494926
409.572, 448, 0.459969, 0.307688, 0.177564, 0.120914, 0.0496324
410.572, 449, 0.460192, 0.300967, 0.177884, 0.11986, 0.0497008
411.572, 450, 0.467718, 0.301723, 0.177579, 0.119872, 0.0496546
412.572, 451, 0.458478, 0.301929, 0.176273, 0.119997, 0.0498924
413.572, 452, 0.463627, 0.303948, 0.175019, 0.120619, 0.0499255
414.572, 453, 0.46601, 0.300201, 0.176406, 0.120373, 0.0501215
415.572, 454, 0.469843, 0.300653, 0.176515, 0.120126, 0.0503251
416.572, 455, 0.466962, 0.301474, 0.176352, 0.120764, 0.0503232
417.572, 456, 0.465051, 0.297449, 0.178055, 0.120796, 0.0504529
418.572, 457, 0.463973, 0.299865, 0.177796, 0.121218, 0.0504929
419.572, 458, 0.458988, 0.3053, 0.17792, 0.120605, 0.050497
420.572, 459, 0.467935, 0.308725, 0.178442, 0.121884, 0.0505573
421.572, 460, 0.458258, 0.303921, 0.17966, 0.121894, 0.0506952
422.572, 461, 0.4661, 0.302487, 0.179902, 0.122543, 0.0507357
423.572, 462, 0.460167, 0.304365, 0.178558, 0.122544, 0.0507806
424.572, 463, 0.465299, 0.306274, 0.179296, 0.122085, 0.0509074
425.572, 464, 0.454672, 0.301887, 0.179541, 0.121449, 0.0508678
426.572, 465, 0.465172, 0.300841, 0.178818, 0.121692, 0.050826
427.572, 466, 0.460127, 0.298431, 0.179539, 0.120428, 0.0507406
428.572, 467, 0.459691, 0.304724, 0.177675, 0.122049, 0.0506923
429.572, 468, 0.469493, 0.303172, 0.177962, 0.122042, 0.0506647
430.572, 469, 0.457516, 0.302923, 0.178273, 0.121641, 0.0505707
431.572, 470, 0.456515, 0.304826, 0.178273, 0.122887, 0.0505981
432.572, 471, 0.473384, 0.299715, 0.179082, 0.122986, 0.0505963
433.572, 472, 0.462459, 0.303599, 0.178542, 0.122346, 0.0506218
434.572, 473, 0.465011, 0.30612, 0.179983, 0.123098, 0.0506257
435.572, 474, 0.46686, 0.304662, 0.179129, 0.124168, 0.0505261
436.572, 475, 0.464397, 0.310591, 0.179703, 0.124128, 0.0505545
437.572, 476, 0.468062, 0.300886, 0.177542, 0.12377, 0.0505773
438.572, 477, 0.462783, 0.305112, 0.179336, 0.124787, 0.0508978
439.572, 478, 0.462531, 0.305284, 0.180876, 0.124112, 0.0507892
440.572, 479, 0.463542, 0.302892, 0.181282, 0.12564, 0.0507526
441.572, 480, 0.462891, 0.303572, 0.180061, 0.12551, 0.0509653
442.572, 481, 0.456984, 0.306708, 0.179696, 0.125406, 0.0512198
443.572, 482, 0.463678, 0.304402, 0.180673, 0.125398, 0.0511031
444.572, 483, 0.471077, 0.304033, 0.180365, 0.124693, 0.0512899
445.572, 484, 0.457322, 0.302031, 0.180337, 0.126016, 0.0512832
446.572, 485, 0.46182, 0.304335, 0.17978, 0.126727, 0.0513681
447.572, 486, 0.463885, 0.302692, 0.180502, 0.126476, 0.0514528
448.572, 487, 0.461584, 0.30241, 0.180243, 0.126059, 0.0515141
449.572, 488, 0.46071, 0.304042, 0.181708, 0.125916, 0.0514137
450.572, 489, 0.468384, 0.303233, 0.18069, 0.12707, 0.05146
451.572, 490, 0.464416, 0.306164, 0.179971, 0.126067, 0.0513563
452.572, 491, 0.466226, 0.304832, 0.180905, 0.12659, 0.0513045
453.572, 492, 0.462755, 0.298778, 0.180815, 0.126828, 0.0512665
454.572, 493, 0.457958, 0.305291, 0.180423, 0.126698, 0.0514415
455.572, 494, 0.466489, 0.300004, 0.181061, 0.125868, 0.0516098
456.572, 495, 0.457709, 0.299183, 0.181476, 0.126404, 0.0519211
457.572, 496, 0.460983, 0.301439, 0.18295, 0.126441, 0.052012
458.572, 497, 0.460469, 0.301144, 0.181772, 0.12733, 0.052087
459.572, 498, 0.46518, 0.301588, 0.180906, 0.127775, 0.0521742
460.572, 499, 0.461979, 0.307091, 0.182907, 0.127405, 0.0522088
461.572, 500, 0.45873, 0.302263, 0.182361, 0.127699, 0.052295
462.572, 501, 0.45792, 0.303329, 0.181546, 0.127336, 0.0521124
463.572, 502, 0.45699, 0.305281, 0.181207, 0.127752, 0.0522353
464.572, 503, 0.463217, 0.301935, 0.182476, 0.128757, 0.0524357
465.572, 504, 0.468925, 0.300934, 0.183298, 0.128134, 0.05252
466.572, 505, 0.460049, 0.301975, 0.18179, 0.128392, 0.0523984
467.572, 506, 0.462494, 0.307585, 0.181519, 0.128694, 0.0524787
468.572, 507, 0.458695, 0.305798, 0.181267, 0.128391, 0.0526223
469.572, 508, 0.459253, 0.297814, 0.181676, 0.127961, 0.0524668
470.572, 509, 0.453306, 0.307656, 0.181413, 0.127874, 0.052691
471.572, 510, 0.463305, 0.306012, 0.183254, 0.129561, 0.0527499
472.572, 511, 0.460675, 0.298319, 0.182693, 0.129236, 0.0527271
473.572, 512, 0.463279, 0.303601, 0.184236, 0.129005, 0.0526948
474.572, 513, 0.464365, 0.306889, 0.182923, 0.128931, 0.0528136
475.572, 514, 0.463802, 0.302458, 0.184194, 0.12918, 0.0527628
476.572, 515, 0.460136, 0.309009, 0.182044, 0.128924, 0.0527888
477.572, 516, 0.469816, 0.304457, 0.181298, 0.129826, 0.0526747
478.572, 517, 0.465412, 0.302027, 0.182057, 0.12929, 0.0526856
479.572, 518, 0.465576, 0.302654, 0.183219, 0.129608, 0.0527408
480.572, 519, 0.466058, 0.309189, 0.18365, 0.129527, 0.0526349
481.572, 520, 0.464009, 0.303089, 0.184078, 0.1304, 0.0525551
482.572, 521, 0.463783, 0.305374, 0.183252, 0.130994, 0.0525362
483.572, 522, 0.460316, 0.305119, 0.184572, 0.129717, 0.0524476
484.572, 523, 0.462589, 0.304338, 0.187305, 0.129851, 0.0523891
485.572, 524, 0.46272, 0.30465, 0.184669, 0.130335, 0.0525135
486.572, 525, 0.456159, 0.302234, 0.185676, 0.130672, 0.0524756
487.572, 526, 0.468921, 0.304694, 0.185068, 0.130759, 0.0525736
488.572, 527, 0.461945, 0.302173, 0.184892, 0.13124, 0.052575
489.572, 528, 0.46127, 0.303843, 0.183602, 0.130606, 0.052646
490.572, 529, 0.461032, 0.301895, 0.185248, 0.130891, 0.052742
491.572, 530, 0.458861, 0.304958, 0.18275, 0.129684, 0.0530346
492.572, 531, 0.46132, 0.301757, 0.183356, 0.130742, 0.0532712
493.572, 532, 0.45653, 0.30191, 0.184067, 0.130855, 0.0531714
494.572, 533, 0.458835, 0.302429, 0.183098, 0.131719, 0.0532068
495.572, 534, 0.464592, 0.306113, 0.184694, 0.130969, 0.0532041
496.572, 535, 0.455435, 0.311513, 0.185153, 0.131245, 0.0531923
497.572, 536, 0.46187, 0.308598, 0.183546, 0.13151, 0.0531047
498.572, 537, 0.460131, 0.309241, 0.184546, 0.131233, 0.0532544
499.572, 538, 0.462725, 0.306199, 0.183955, 0.132679, 0.0534176
500.572, 539, 0.465735, 0.3057, 0.184398, 0.133305, 0.0534921
501.572, 540, 0.45894, 0.304505, 0.184481, 0.132598, 0.0537296
502.572, 541, 0.464068, 0.305456, 0.185484, 0.132544, 0.0538417
503.572, 542, 0.467176, 0.300831, 0.184583, 0.134096, 0.0539134
504.572, 543, 0.460612, 0.307071, 0.185407, 0.133164, 0.0542078
505.572, 544, 0.461236, 0.305419, 0.184825, 0.132486, 0.0543249
506.572, 545, 0.46055, 0.309282, 0.18624, 0.132158, 0.0542572
507.572, 546, 0.45976, 0.309897, 0.185799, 0.13268, 0.0543349
508.572, 547, 0.465532, 0.304351, 0.185993, 0.134094, 0.0542746
509.572, 548, 0.466525, 0.308357, 0.185869, 0.133966, 0.0542434
510.572, 549, 0.459441, 0.302384, 0.18658, 0.133097, 0.0542192
511.572, 550, 0.463939, 0.302839, 0.186468, 0.133119, 0.0546352
512.572, 551, 0.464779, 0.30335, 0.186148, 0.134501, 0.0545834
513.572, 552, 0.463463, 0.304796, 0.187013, 0.133734, 0.0547658
514.572, 553, 0.463317, 0.305756, 0.187043, 0.133281, 0.0547125
515.572, 554, 0.461334, 0.303726, 0.187102, 0.133786, 0.0546871
516.572, 555, 0.459789, 0.306626, 0.187261, 0.134211, 0.0546568
517.572, 556, 0.465574, 0.305192, 0.18687, 0.134419, 0.0549823
518.572, 557, 0.456866, 0.306077, 0.186283, 0.133452, 0.0549172
519.572, 558, 0.462192, 0.307052, 0.186904, 0.133708, 0.0549776
520.572, 559, 0.465001, 0.306832, 0.18704, 0.133812, 0.0548814
521.572, 560, 0.463146, 0.308352, 0.186322, 0.134023, 0.0546855
522.572, 561, 0.465205, 0.308953, 0.186206, 0.135509, 0.054635
523.572, 562, 0.463099, 0.306019, 0.187413, 0.135614, 0.0548436
524.572, 563, 0.457944, 0.3056, 0.187285, 0.13545, 0.0549924
525.572, 564, 0.46335, 0.304699, 0.18816, 0.136296, 0.0547688
526.572, 565, 0.460176, 0.306743, 0.188345, 0.135919, 0.0547503
527.572, 566, 0.466766, 0.309006, 0.188178, 0.137596, 0.0549108
528.572, 567, 0.459565, 0.300744, 0.186249, 0.135713, 0.0549365
529.572, 568, 0.462504, 0.305372, 0.186794, 0.135674, 0.0550212
530.572, 569, 0.460364, 0.308273, 0.187254, 0.13548, 0.0552351
531.572, 570, 0.466162, 0.307269, 0.186849, 0.136423, 0.0551335
532.572, 571, 0.471998, 0.306374, 0.186574, 0.137113, 0.0554427
533.572, 572, 0.461703, 0.309209, 0.187198, 0.135589, 0.0555803
534.572, 573, 0.463105, 0.307685, 0.188933, 0.135125, 0.0558235
535.572, 574, 0.455363, 0.304016, 0.189043, 0.135514, 0.0557986
536.572, 575, 0.461503, 0.306876, 0.188385, 0.135834, 0.0558479
537.572, 576, 0.461477, 0.305173, 0.188389, 0.136824, 0.0557824
538.572, 577, 0.464721, 0.306852, 0.189046, 0.136897, 0.0559523
539.572, 578, 0.455603, 0.303682, 0.188892, 0.135595, 0.0558871
540.572, 579, 0.461661, 0.305046, 0.187885, 0.136114, 0.0557338
541.572, 580, 0.468088, 0.308338, 0.189269, 0.137389, 0.0558121
542.572, 581, 0.458512, 0.306033, 0.188972, 0.137501, 0.0558479
543.572, 582, 0.463398, 0.30891, 0.18903, 0.138569, 0.0562149
544.572, 583, 0.467196, 0.307008, 0.189511, 0.138071, 0.0563327
545.572, 584, 0.464076, 0.303368, 0.188527, 0.137969, 0.0561464
546.572, 585, 0.461878, 0.303607, 0.188105, 0.137443, 0.0561036
547.572, 586, 0.461714, 0.304908, 0.188277, 0.138967, 0.0561435
548.572, 587, 0.460831, 0.308911, 0.187092, 0.139341, 0.0564393
549.572, 588, 0.455747, 0.305351, 0.188308, 0.138472, 0.056461
550.572, 589, 0.474525, 0.305233, 0.187553, 0.137443, 0.0565334
551.572, 590, 0.466313, 0.307044, 0.188065, 0.137829, 0.0567317
552.572, 591, 0.463761, 0.304395, 0.188377, 0.139061, 0.0572542
553.572, 592, 0.458286, 0.309147, 0.188569, 0.14011, 0.0570747
554.572, 593, 0.454471, 0.303939, 0.191552, 0.140229, 0.0571534
555.572, 594, 0.462606, 0.307881, 0.196141, 0.138913, 0.057059
556.572, 595, 0.464608, 0.305404, 0.192368, 0.139649, 0.0571623
557.572, 596, 0.469336, 0.308849, 0.192029, 0.139613, 0.0571383
558.572, 597, 0.461659, 0.307272, 0.191619, 0.139533, 0.0573644
559.572, 598, 0.461648, 0.307055, 0.190486, 0.138413, 0.0574323
560.572, 599, 0.456301, 0.307602, 0.194386, 0.139897, 0.0571914
561.572, 600, 0.463529, 0.312864, 0.190825, 0.140879, 0.0574402
562.572, 601, 0.461362, 0.303624, 0.189082, 0.140633, 0.0574206
563.572, 602, 0.461037, 0.306943, 0.190196, 0.140222, 0.0575875
564.572, 603, 0.460091, 0.30433, 0.188889, 0.139946, 0.0575602
565.572, 604, 0.466027, 0.306737, 0.192299, 0.140982, 0.0577219
566.572, 605, 0.457136, 0.305607, 0.190467, 0.140758, 0.0580115
567.572, 606, 0.460754, 0.305728, 0.190627, 0.140431, 0.0579782
568.572, 607, 0.462688, 0.310614, 0.19026, 0.141478, 0.0580126
569.572, 608, 0.462953, 0.30841, 0.18916, 0.140131, 0.0579506
570.572, 609, 0.45688, 0.313022, 0.193335, 0.140261, 0.0581143
571.572, 610, 0.46502, 0.311526, 0.191019, 0.140948, 0.058174
572.572, 611, 0.462235, 0.310388, 0.191365, 0.140949, 0.0583788
573.572, 612, 0.46027, 0.30772, 0.190522, 0.140703, 0.0581842
574.572, 613, 0.464588, 0.308323, 0.190984, 0.140625, 0.0585992
575.572, 614, 0.465803, 0.30672, 0.189999, 0.142257, 0.058717
576.572, 615, 0.461076, 0.308609, 0.191424, 0.141599, 0.058598
577.572, 616, 0.467255, 0.305242, 0.190543, 0.142347, 0.058492
578.572, 617, 0.460924, 0.31182, 0.190283, 0.142481, 0.0584818
579.572, 618, 0.470307, 0.306207, 0.195717, 0.141059, 0.058323
580.572, 619, 0.463901, 0.307701, 0.193043, 0.141613, 0.0583199
581.572, 620, 0.453927, 0.304158, 0.192647, 0.14166, 0.0580226
582.572, 621, 0.467322, 0.303832, 0.19347, 0.142218, 0.0579894
583.572, 622, 0.455238, 0.303511, 0.191043, 0.142548, 0.0581446
584.572, 623, 0.46843, 0.304269, 0.192043, 0.141266, 0.0581782
585.572, 624, 0.467261, 0.304475, 0.192466, 0.141307, 0.0582806
586.572, 625, 0.466083, 0.31083, 0.191442, 0.142565, 0.058269
587.572, 626, 0.459632, 0.306653, 0.192262, 0.140572, 0.0583063
588.572, 627, 0.451112, 0.309686, 0.192699, 0.141809, 0.0585639
589.572, 628, 0.462512, 0.310901, 0.1923, 0.140838, 0.0584827
590.572, 629, 0.467273, 0.308424, 0.190997, 0.141018, 0.0585655
591.572, 630, 0.462786, 0.305173, 0.194561, 0.142739, 0.0587704
592.572, 631, 0.463152, 0.309774, 0.194031, 0.142341, 0.0586743
593.572, 632, 0.464492, 0.30861, 0.192857, 0.143026, 0.0587414
594.572, 633, 0.462778, 0.306306, 0.192413, 0.142246, 0.0585906
595.572, 634, 0.456778, 0.306466, 0.19161, 0.14331, 0.05852
596.572, 635, 0.464149, 0.308019, 0.191451, 0.14257, 0.058425
597.572, 636, 0.467629, 0.308473, 0.190685, 0.143325, 0.0587134
598.572, 637, 0.469058, 0.318039, 0.190634, 0.141829, 0.058641
599.572, 638, 0.464308, 0.309254, 0.194913, 0.143371, 0.0587882
600.572, 639, 0.458029, 0.307821, 0.192278, 0.143106, 0.058513
601.572, 640, 0.457372, 0.307258, 0.194387, 0.144434, 0.058303
602.572, 641, 0.456713, 0.310181, 0.191546, 0.142519, 0.0582818
603.572, 642, 0.472912, 0.306507, 0.192131, 0.14301, 0.0581334
604.572, 643, 0.461472, 0.305235, 0.19149, 0.14336, 0.0580309
605.572, 644, 0.462945, 0.30519, 0.192878, 0.143747, 0.0585272
606.572, 645, 0.461734, 0.310407, 0.191995, 0.144163, 0.0582457
607.572, 646, 0.465896, 0.307344, 0.193055, 0.144193, 0.0583155
608.572, 647, 0.462359, 0.308087, 0.192748, 0.144301, 0.0581449
609.572, 648, 0.46347, 0.303349, 0.192585, 0.145107, 0.058651
610.572, 649, 0.460802, 0.310117, 0.192275, 0.145279, 0.0584939
611.572, 650, 0.460856, 0.31309, 0.192934, 0.144132, 0.0587172
612.572, 651, 0.469693, 0.307455, 0.19318, 0.14439, 0.0586099
613.572, 652, 0.460498, 0.308531, 0.194697, 0.143657, 0.0585562
614.572, 653, 0.462082, 0.308061, 0.193503, 0.144859, 0.0588324
615.572, 654, 0.463258, 0.306274, 0.195451, 0.145448, 0.0592311
616.572, 655, 0.460421, 0.30756, 0.193487, 0.14549, 0.0593445
617.572, 656, 0.464191, 0.306252, 0.194133, 0.14559, 0.0593334
618.572, 657, 0.466939, 0.309461, 0.194829, 0.14509, 0.0594835
619.572, 658, 0.462027, 0.304678, 0.193789, 0.144978, 0.0595208
620.572, 659, 0.45815, 0.308121, 0.194827, 0.144827, 0.0595013
621.572, 660, 0.463196, 0.313421, 0.194349, 0.144981, 0.0594737
622.572, 661, 0.460219, 0.309775, 0.195193, 0.146402, 0.0595174
623.572, 662, 0.460753, 0.30412, 0.195556, 0.147426, 0.059739
624.572, 663, 0.464288, 0.309553, 0.196069, 0.147289, 0.0599322
625.572, 664, 0.464981, 0.313877, 0.195562, 0.14724, 0.0601489
626.572, 665, 0.46973, 0.312344, 0.193769, 0.14721, 0.06005
627.572, 666, 0.451802, 0.306131, 0.202963, 0.146129, 0.0598189
628.572, 667, 0.469207, 0.306431, 0.198009, 0.147367, 0.0594714
629.572, 668, 0.463209, 0.312749, 0.194882, 0.147495, 0.0595852
630.572, 669, 0.456732, 0.310799, 0.194167, 0.147191, 0.0596796
631.572, 670, 0.467161, 0.314221, 0.194549, 0.1476, 0.0596841
632.572, 671, 0.461902, 0.314709, 0.194796, 0.146855, 0.0599587
633.572, 672, 0.464928, 0.306258, 0.196699, 0.146974, 0.0600304
634.572, 673, 0.466744, 0.316119, 0.196508, 0.146851, 0.0601957
635.572, 674, 0.466005, 0.307126, 0.194383, 0.146674, 0.0602344
636.572, 675, 0.464077, 0.30629, 0.194118, 0.145764, 0.0604773
637.572, 676, 0.461744, 0.307649, 0.194201, 0.146576, 0.0604173
638.572, 677, 0.456956, 0.306884, 0.194979, 0.147316, 0.0605943
639.572, 678, 0.460206, 0.30825, 0.1938, 0.148422, 0.06047
640.572, 679, 0.46451, 0.307722, 0.193003, 0.146051, 0.0604572
641.572, 680, 0.46514, 0.309282, 0.194547, 0.145951, 0.0602387
642.572, 681, 0.468141, 0.3052, 0.195291, 0.147265, 0.0605753
643.572, 682, 0.464625, 0.308867, 0.195586, 0.14684, 0.0607949
644.572, 683, 0.459856, 0.313124, 0.196828, 0.146434, 0.0608245
645.572, 684, 0.462292, 0.308175, 0.197666, 0.148019, 0.0612401
646.572, 685, 0.465839, 0.307688, 0.197805, 0.149152, 0.0611139
647.572, 686, 0.456731, 0.307803, 0.195796, 0.149246, 0.0613802
648.572, 687, 0.463142, 0.307988, 0.19514, 0.150471, 0.0617277
649.572, 688, 0.463401, 0.310335, 0.196401, 0.149947, 0.0618137
650.572, 689, 0.458449, 0.310295, 0.196142, 0.148555, 0.0619281
651.572, 690, 0.464113, 0.31087, 0.195198, 0.148451, 0.0622316
652.572, 691, 0.461285, 0.306554, 0.197619, 0.147889, 0.0622057
653.572, 692, 0.459053, 0.308932, 0.196693, 0.147518, 0.0622778
654.572, 693, 0.466388, 0.31048, 0.196653, 0.14799, 0.0622145
655.572, 694, 0.469814, 0.307581, 0.197374, 0.148898, 0.0622859
656.572, 695, 0.465426, 0.308897, 0.197232, 0.150188, 0.0620651
657.572, 696, 0.463755, 0.308839, 0.198902, 0.149264, 0.0623214
658.572, 697, 0.464888, 0.306703, 0.197233, 0.149217, 0.0621001
659.572, 698, 0.462016, 0.309824, 0.198391, 0.147424, 0.0619355
660.572, 699, 0.462591, 0.306627, 0.197836, 0.147805, 0.0618034
661.572, 700, 0.46416, 0.309704, 0.19693, 0.14802, 0.0618549
662.572, 701, 0.469888, 0.309138, 0.196486, 0.149649, 0.0620816
663.572, 702, 0.466193, 0.306616, 0.196847, 0.15141, 0.0624792
664.572, 703, 0.463881, 0.309551, 0.196121, 0.150255, 0.0624925
665.572, 704, 0.461602, 0.310052, 0.196351, 0.15056, 0.0626618
666.572, 705, 0.457248, 0.310021, 0.196189, 0.150132, 0.0629708
667.572, 706, 0.47037, 0.307957, 0.197391, 0.149073, 0.0629879
668.572, 707, 0.465858, 0.3159, 0.196711, 0.149736, 0.062906
669.572, 708, 0.463141, 0.311758, 0.195617, 0.149232, 0.0629264
670.572, 709, 0.465755, 0.311085, 0.196224, 0.149623, 0.0627952
671.572, 710, 0.465205, 0.307953, 0.197335, 0.14993, 0.0629672
672.572, 711, 0.464185, 0.314918, 0.196479, 0.151229, 0.0630513
673.572, 712, 0.461282, 0.307963, 0.19836, 0.150725, 0.0632287
674.572, 713, 0.465831, 0.308233, 0.198357, 0.150464, 0.0630749
675.572, 714, 0.465644, 0.305228, 0.197437, 0.151296, 0.0636084
676.572, 715, 0.456698, 0.306545, 0.197849, 0.151687, 0.0638069
677.572, 716, 0.46705, 0.308548, 0.197498, 0.150962, 0.0635858
678.572, 717, 0.460925, 0.310486, 0.196924, 0.15147, 0.0637515
679.572, 718, 0.460667, 0.313054, 0.197424, 0.150898, 0.0636923
680.572, 719, 0.461911, 0.316827, 0.197018, 0.15133, 0.063918
681.572, 720, 0.46846, 0.310238, 0.197632, 0.152472, 0.0639612
682.572, 721, 0.459506, 0.310303, 0.198672, 0.151477, 0.0636254
683.572, 722, 0.454317, 0.310765, 0.199748, 0.150695, 0.0640281
684.572, 723, 0.467696, 0.307317, 0.198595, 0.150293, 0.0639328
685.572, 724, 0.460982, 0.312171, 0.199137, 0.150342, 0.0639214
686.572, 725, 0.461057, 0.311613, 0.197751, 0.150965, 0.0639712
687.572, 726, 0.469968, 0.310526, 0.198383, 0.150095, 0.0640825
688.572, 727, 0.459748, 0.307842, 0.198488, 0.150603, 0.0640503
689.572, 728, 0.467881, 0.309953, 0.198072, 0.151432, 0.0640185
690.572, 729, 0.466095, 0.310588, 0.198403, 0.152758, 0.0638406
691.572, 730, 0.460917, 0.310746, 0.200443, 0.153529, 0.0644505
692.572, 731, 0.462338, 0.312138, 0.199312, 0.153839, 0.064503
693.572, 732, 0.461226, 0.3098, 0.19821, 0.151293, 0.0641563
694.572, 733, 0.472975, 0.305195, 0.198825, 0.151603, 0.064178
695.572, 734, 0.465913, 0.310011, 0.198979, 0.151483, 0.0639822
696.572, 735, 0.463079, 0.309035, 0.198529, 0.151434, 0.0642794
697.572, 736, 0.460457, 0.308204, 0.198406, 0.152435, 0.064418
698.572, 737, 0.466194, 0.311465, 0.199381, 0.153287, 0.0640372
699.572, 738, 0.461639, 0.311134, 0.197559, 0.153485, 0.064227
700.572, 739, 0.461065, 0.308039, 0.197715, 0.152967, 0.0642608
701.572, 740, 0.46661, 0.308192, 0.197737, 0.152826, 0.0643458
702.572, 741, 0.468418, 0.3084, 0.199101, 0.152608, 0.0641855
703.572, 742, 0.468067, 0.310403, 0.197964, 0.153236, 0.0640947
704.572, 743, 0.467805, 0.308854, 0.199513, 0.153664, 0.0641154
705.572, 744, 0.468121, 0.312296, 0.199304, 0.153469, 0.0642057
706.572, 745, 0.465941, 0.312497, 0.198331, 0.153405, 0.0644415
707.572, 746, 0.461787, 0.309238, 0.198205, 0.152803, 0.0646776
708.572, 747, 0.460665, 0.305725, 0.200557, 0.152481, 0.0647978
709.572, 748, 0.4649, 0.310697, 0.200119, 0.153966, 0.0652141
710.572, 749, 0.458528, 0.308958, 0.200636, 0.153312, 0.0653222
711.572, 750, 0.4679, 0.314104, 0.199128, 0.154425, 0.0652745
712.572, 751, 0.471671, 0.312681, 0.199187, 0.153561, 0.0652684
713.572, 752, 0.472211, 0.307598, 0.200607, 0.153669, 0.0659396
714.572, 753, 0.460115, 0.310863, 0.200211, 0.154036, 0.0658654
715.572, 754, 0.467518, 0.308219, 0.200046, 0.15362, 0.0658156
716.572, 755, 0.46414, 0.308845, 0.198988, 0.153617, 0.065611
717.572, 756, 0.462523, 0.308984, 0.198912, 0.153621, 0.0656765
718.572, 757, 0.473035, 0.312852, 0.199476, 0.15404, 0.0655595
719.572, 758, 0.468771, 0.31425, 0.200113, 0.155267, 0.0659414
720.572, 759, 0.45528, 0.308048, 0.199659, 0.155741, 0.0660581
721.572, 760, 0.472392, 0.311434, 0.198446, 0.156773, 0.0661757
722.572, 761, 0.460721, 0.307286, 0.200772, 0.155241, 0.0659225
723.572, 762, 0.469807, 0.307855, 0.198989, 0.155231, 0.0661893
724.572, 763, 0.461015, 0.308337, 0.199701, 0.155197, 0.0661608
725.572, 764, 0.463614, 0.310502, 0.199432, 0.15564, 0.0659164
726.572, 765, 0.458659, 0.306687, 0.199625, 0.155077, 0.0658985
727.572, 766, 0.462013, 0.310421, 0.199138, 0.156256, 0.0655792
728.572, 767, 0.458962, 0.308695, 0.200608, 0.156122, 0.0657469
729.572, 768, 0.471208, 0.307038, 0.200571, 0.155773, 0.0656515
730.572, 769, 0.464306, 0.310409, 0.204368, 0.15476, 0.0656475
731.572, 770, 0.463234, 0.313113, 0.201715, 0.156007, 0.0659102
732.572, 771, 0.47023, 0.312613, 0.201326, 0.15595, 0.066005
733.572, 772, 0.461077, 0.317031, 0.203285, 0.156145, 0.0656944
734.572, 773, 0.466135, 0.308229, 0.201005, 0.155669, 0.0659542
735.572, 774, 0.45908, 0.309101, 0.200944, 0.157072, 0.066097
736.572, 775, 0.463486, 0.310077, 0.200645, 0.154972, 0.0658017
737.572, 776, 0.456578, 0.311933, 0.20074, 0.155607, 0.0654952
738.572, 777, 0.468773, 0.309002, 0.199889, 0.155555, 0.0655571
739.572, 778, 0.463964, 0.31113, 0.200764, 0.155223, 0.0652816
740.572, 779, 0.474758, 0.30738, 0.201229, 0.154643, 0.0654019
741.572, 780, 0.463256, 0.309766, 0.200595, 0.15475, 0.0652685
742.572, 781, 0.466705, 0.310892, 0.199731, 0.15569, 0.0655377
743.572, 782, 0.471481, 0.31261, 0.200598, 0.155193, 0.0656912
744.572, 783, 0.469777, 0.311278, 0.201383, 0.155624, 0.0660791
745.572, 784, 0.465485, 0.309971, 0.201435, 0.155794, 0.0663071
746.572, 785, 0.46279, 0.313914, 0.200758, 0.154851, 0.0664673
747.572, 786, 0.46359, 0.31149, 0.203361, 0.155379, 0.0660426
748.572, 787, 0.459992, 0.312316, 0.201143, 0.156279, 0.0659728
749.572, 788, 0.453066, 0.308614, 0.201956, 0.157848, 0.0662738
750.572, 789, 0.461251, 0.309733, 0.202463, 0.156277, 0.0666033
751.572, 790, 0.464536, 0.311586, 0.201364, 0.155185, 0.066892
752.572, 791, 0.458677, 0.304668, 0.201931, 0.155298, 0.0665564
753.572, 792, 0.46695, 0.30693, 0.2017, 0.15602, 0.0665043
754.572, 793, 0.463116, 0.305918, 0.203016, 0.154658, 0.0669183
755.572, 794, 0.464083, 0.310116, 0.203535, 0.155663, 0.0668644
756.572, 795, 0.467503, 0.313468, 0.202151, 0.156587, 0.0670608
757.572, 796, 0.470767, 0.308787, 0.204025, 0.155995, 0.0672531
758.572, 797, 0.468633, 0.309568, 0.202697, 0.155767, 0.0677066
759.572, 798, 0.461139, 0.312471, 0.201415, 0.1578, 0.0676417
760.572, 799, 0.471561, 0.306666, 0.202575, 0.158926, 0.0677285
761.572, 800, 0.461018, 0.309911, 0.200842, 0.15776, 0.0674305
762.572, 801, 0.464824, 0.311907, 0.202237, 0.158127, 0.0677318
763.572, 802, 0.464322, 0.312274, 0.201959, 0.157576, 0.0676095
764.572, 803, 0.467039, 0.315643, 0.204422, 0.158895, 0.0677382
765.572, 804, 0.46383, 0.3113, 0.203128, 0.158495, 0.067693
766.572, 805, 0.47122, 0.308742, 0.2021, 0.159296, 0.0678383
767.572, 806, 0.465139, 0.309374, 0.201749, 0.158749, 0.067777
768.572, 807, 0.463946, 0.313633, 0.202093, 0.158635, 0.0676924
769.572, 808, 0.469875, 0.309764, 0.203233, 0.159049, 0.0678088
770.572, 809, 0.466007, 0.315063, 0.20279, 0.158629, 0.0676594
771.572, 810, 0.452625, 0.309449, 0.203405, 0.15807, 0.0675884
772.572, 811, 0.462224, 0.31464, 0.202734, 0.159101, 0.0677253
773.572, 812, 0.461086, 0.315372, 0.202621, 0.160456, 0.0679422
774.572, 813, 0.457922, 0.311657, 0.203123, 0.158224, 0.0680825
775.572, 814, 0.458006, 0.3101, 0.203019, 0.157266, 0.068444
776.572, 815, 0.464674, 0.307746, 0.202662, 0.157918, 0.0688038
777.572, 816, 0.45891, 0.313637, 0.203735, 0.15744, 0.0687927
778.572, 817, 0.46066, 0.311021, 0.203092, 0.157774, 0.0689597
779.572, 818, 0.460956, 0.317795, 0.201886, 0.158568, 0.0695336
780.572, 819, 0.46334, 0.31447, 0.203387, 0.158627, 0.0691277
781.572, 820, 0.46388, 0.311766, 0.203167, 0.158129, 0.0687306
782.572, 821, 0.464782, 0.307506, 0.202894, 0.158461, 0.0684929
783.572, 822, 0.461871, 0.310307, 0.20262, 0.159221, 0.0682078
784.572, 823, 0.456364, 0.306657, 0.203186, 0.158293, 0.068629
785.572, 824, 0.467921, 0.315011, 0.203972, 0.157317, 0.068835
786.572, 825, 0.473841, 0.311632, 0.204208, 0.159352, 0.0690077
787.572, 826, 0.463786, 0.306796, 0.201372, 0.159722, 0.0690666
788.572, 827, 0.467981, 0.307322, 0.202346, 0.158351, 0.0691805
789.572, 828, 0.457026, 0.312698, 0.20513, 0.157581, 0.0693784
790.572, 829, 0.466843, 0.316979, 0.202885, 0.158528, 0.0694054
791.572, 830, 0.460152, 0.31084, 0.204018, 0.158878, 0.0691812
792.572, 831, 0.464547, 0.307235, 0.204439, 0.158125, 0.0688609
793.572, 832, 0.461515, 0.307301, 0.203723, 0.158918, 0.0691912
794.572, 833, 0.47353, 0.314077, 0.206116, 0.15897, 0.069581
795.572, 834, 0.469086, 0.312098, 0.204734, 0.1585, 0.0696029
796.572, 835, 0.468005, 0.309755, 0.206838, 0.158947, 0.0694344
797.572, 836, 0.45559, 0.309243, 0.205073, 0.158225, 0.0695103
798.572, 837, 0.456992, 0.31355, 0.202545, 0.158379, 0.0697641
799.572, 838, 0.464942, 0.315155, 0.206494, 0.158288, 0.0702181
800.572, 839, 0.470457, 0.312188, 0.20393, 0.158482, 0.0707542
801.572, 840, 0.461458, 0.314249, 0.203912, 0.159642, 0.0705222
802.572, 841, 0.471237, 0.312004, 0.203943, 0.160453, 0.0704293
803.572, 842, 0.457521, 0.310401, 0.204061, 0.159982, 0.0704011
804.572, 843, 0.460159, 0.310106, 0.205636, 0.160777, 0.0702525
805.572, 844, 0.462224, 0.31455, 0.20363, 0.159377, 0.0699176
806.572, 845, 0.463784, 0.320292, 0.20464, 0.158698, 0.0699882
807.572, 846, 0.466186, 0.310537, 0.203914, 0.159451, 0.0700979
808.572, 847, 0.462678, 0.312756, 0.202611, 0.158556, 0.0703844
809.572, 848, 0.463309, 0.312832, 0.203943, 0.159597, 0.0700527
810.572, 849, 0.46624, 0.310388, 0.203446, 0.161113, 0.0698666
811.572, 850, 0.468869, 0.31005, 0.204332, 0.159375, 0.069981
812.572, 851, 0.461004, 0.309256, 0.203894, 0.160685, 0.0703223
813.572, 852, 0.458663, 0.310334, 0.202994, 0.161129, 0.0703693
814.572, 853, 0.464392, 0.312191, 0.204413, 0.161354, 0.0706841
815.572, 854, 0.465805, 0.309208, 0.204155, 0.162437, 0.0706794
816.572, 855, 0.454443, 0.305967, 0.204028, 0.161639, 0.070546
817.572, 856, 0.465206, 0.318459, 0.203676, 0.162744, 0.0705715
818.572, 857, 0.459999, 0.311515, 0.204602, 0.162557, 0.0703433
819.572, 858, 0.465233, 0.31562, 0.204515, 0.161224, 0.0705153
820.572, 859, 0.459392, 0.310749, 0.205834, 0.162043, 0.0707744
821.572, 860, 0.473078, 0.307577, 0.205881, 0.161386, 0.0708068
