# tau=10 epsilon=1 Xmax=40 Nx=128
# X u_radiation v_material T_material_over_Tbath
0.15625 0.7117551594254465 0.6902683366079396 0.9114954142773695
0.46875 0.6267091254566942 0.6024570725073831 0.8810113973676023
0.78125 0.5481619495238046 0.5246769713663196 0.8510851262213849
1.09375 0.4763813489079277 0.4571913295795184 0.8222890298933642
1.40625 0.425253485051343 0.3937152624997913 0.7921283606760536
1.71875 0.3542191180511218 0.3399486827728012 0.7635778831688974
2.03125 0.3204976528994684 0.2899270246960899 0.7337906517404803
2.34375 0.2774285416627963 0.2488722839113719 0.7063080130448413
2.65625 0.2320999101249178 0.211031919032894 0.6777773275162962
2.96875 0.2023974732542813 0.1793200632434188 0.6507395772516669
3.28125 0.1715599610170819 0.1504414375540815 0.6227903414320783
3.59375 0.1475943500183608 0.1247137500522112 0.5942628543082227
3.90625 0.1179126777522598 0.1025773843729819 0.5659302458398575
4.21875 0.09972358016764873 0.08496369331920922 0.5398938068250098
4.53125 0.084337635207776 0.07069177474149815 0.515634801407057
4.84375 0.06947840411870944 0.05742994678462552 0.4895359645590341
5.15625 0.05778508107704484 0.04695460430004407 0.465499850933236
5.46875 0.04677584970100757 0.03794931334505806 0.441368139977496
5.78125 0.03710678227895585 0.03097344632965685 0.4195148925904538
6.09375 0.03049573233636328 0.02496281024432755 0.3974874021972811
6.40625 0.02645335958088776 0.02016330474328543 0.3768256253121249
6.71875 0.0200029008160557 0.01584474819126808 0.354789971384611
7.03125 0.01644953898757959 0.01259978180162102 0.3350354453877697
7.34375 0.01342740529364259 0.01031098810890744 0.3186581801051718
7.65625 0.01152501496985708 0.008038364820486565 0.299427668156764
7.96875 0.007875833409937536 0.006203646146896061 0.2806478725966971
8.28125 0.006511641688776324 0.004923110180619076 0.2648865389947434
8.59375 0.005243403939944729 0.003754389637042551 0.2475339861986904
8.90625 0.00430694968706931 0.003066266206748283 0.2353165454727712
9.21875 0.00355346393793187 0.002390016574229687 0.2211058474115342
9.53125 0.002581956766496762 0.001796076240088526 0.205864372073816
9.84375 0.002122308323081148 0.001365104009161444 0.1922168410001982
10.15625 0.001555705116108459 0.001011658720251572 0.1783440017785249
10.46875 0.001255045705934953 0.0007676404469702506 0.1664521704137692
10.78125 0.0008851315335114903 0.0005733763077664007 0.1547426164904489
11.09375 0.0006625100671382816 0.000434286951833868 0.1443591098004628
11.40625 0.0005556931855316284 0.0003194447362160735 0.1336900033172173
11.71875 0.0004029582111327627 0.0002462945573933573 0.1252747958643768
12.03125 0.0003088254070164086 0.0001792347644369697 0.1157059153387468
12.34375 0.0002145881573002169 0.0001273200789211128 0.106224384859145
12.65625 0.0001496580975633228 9.504829122360494e-05 0.09873839839480185
12.96875 0.0001239261165219646 7.180024252364887e-05 0.09205162886362608
13.28125 0.0001032627870463185 5.03595362279498e-05 0.08424040196601663
13.59375 6.522949890486338e-05 3.351372927428682e-05 0.07608616404155884
13.90625 4.466156223979424e-05 2.347948192226339e-05 0.06961007913476201
14.21875 3.473781969274986e-05 1.656518233846136e-05 0.06379682347238667
14.53125 2.387847663020003e-05 1.138147863510128e-05 0.0580830845501353
14.84375 1.932715815275621e-05 7.341850820472747e-06 0.05205367413017213
15.15625 1.035415104572729e-05 4.706038752137358e-06 0.04657618088809568
15.46875 8.571163659817105e-06 2.970623978567648e-06 0.04151565751614548
15.78125 5.649716784607246e-06 1.70936268430245e-06 0.03615834587761654
16.09375 3.026407603162061e-06 9.635860593064287e-07 0.03133088244113248
16.40625 2.356026626692403e-06 4.840200943305478e-07 0.02637641990247785
16.71875 1.276664543365594e-06 1.769582476827397e-07 0.02051009643104045
17.03125 3.949353787152555e-07 2.035801481797786e-08 0.0119449368074469
17.34375 3.123632086100013e-09 1.805393267380401e-10 0.003665582130095036
17.65625 4.601763853454582e-25 4.90494257734207e-25 8.368709292694815e-07
17.96875 4.782149357029733e-25 5.074839521649268e-25 8.440255203354737e-07
18.28125 5.119905062272516e-25 4.830250191053943e-25 8.336666082702892e-07
18.59375 5.250815966968831e-25 4.962992350663216e-25 8.393360977915659e-07
18.90625 5.34904364110364e-25 5.019479908171796e-25 8.417142506173698e-07
19.21875 4.75273849631533e-25 5.016288660809462e-25 8.41580434012912e-07
19.53125 4.685508114649954e-25 5.068481349867477e-25 8.437610300794686e-07
19.84375 4.535851721116671e-25 5.071253921156871e-25 8.438763953986078e-07
20.15625 5.297615316055382e-25 4.80437161722616e-25 8.325477436901999e-07
20.46875 4.8736413235741e-25 4.932636392465592e-25 8.380497014376334e-07
20.78125 5.203228858815044e-25 5.011014296959983e-25 8.413591273368274e-07
21.09375 4.779974886819656e-25 5.051643497021075e-25 8.430593969689878e-07
21.40625 4.861329129198275e-25 5.314734687858386e-25 8.538280090628949e-07
21.71875 5.401765693452463e-25 5.04924023167687e-25 8.429591099538145e-07
22.03125 5.584814971041666e-25 5.144711105757768e-25 8.469158254164078e-07
22.34375 5.06125138617468e-25 4.944854008510001e-25 8.385681601312913e-07
22.65625 5.207389835461486e-25 5.031097374135377e-25 8.422008603440002e-07
22.96875 4.89732830299362e-25 5.047516387979861e-25 8.428871527998957e-07
23.28125 5.009781916712438e-25 5.128978258871728e-25 8.462676012444924e-07
23.59375 5.360473267031245e-25 5.214276185427359e-25 8.497643508497502e-07
23.90625 4.723333598657655e-25 4.966610583340861e-25 8.394890339221453e-07
24.21875 4.74765307025094e-25 5.09787439733326e-25 8.449816597952464e-07
24.53125 5.45665904162722e-25 4.930838146853327e-25 8.379733109870006e-07
24.84375 4.779376536009142e-25 4.862578371991154e-25 8.350580240740458e-07
25.15625 4.751986376865387e-25 4.833386582895332e-25 8.338019050259353e-07
25.46875 4.706824514256146e-25 5.045528243435299e-25 8.428041402375051e-07
25.78125 5.459262250159021e-25 5.007242783292591e-25 8.412007714999567e-07
26.09375 5.017385627592768e-25 5.095054496959132e-25 8.448647846854424e-07
26.40625 4.638895788005595e-25 4.725953213012929e-25 8.291294752877896e-07
26.71875 5.120989144365506e-25 4.995965072088179e-25 8.407267160699364e-07
27.03125 4.797594112459161e-25 4.671734249099145e-25 8.267411078929193e-07
27.34375 4.902569631770885e-25 5.036998424684827e-25 8.42447709341905e-07
27.65625 5.273238367338148e-25 4.871885004564967e-25 8.354572981827589e-07
27.96875 4.217897007705516e-25 5.017310474663565e-25 8.416232880492561e-07
28.28125 5.021536269102474e-25 4.986888685615783e-25 8.403446094762161e-07
28.59375 5.376899891141631e-25 4.942886962205503e-25 8.38484752789175e-07
28.90625 4.516581145143506e-25 4.977611637196893e-25 8.399535158241527e-07
29.21875 5.261210594663467e-25 4.902065377764657e-25 8.367481768373329e-07
29.53125 4.566863028361175e-25 4.833637064947814e-25 8.338127074079862e-07
29.84375 5.04909167448706e-25 5.096428458746648e-25 8.449217367044156e-07
30.15625 5.225143702046093e-25 5.150836922675167e-25 8.471678189811936e-07
30.46875 5.246315811643028e-25 5.224408475104297e-25 8.501768621582952e-07
30.78125 5.287046659448411e-25 5.238415033979908e-25 8.507461179424844e-07
31.09375 4.975713757824695e-25 5.098712599064424e-25 8.450163910071544e-07
31.40625 5.257834233091491e-25 5.119908117978668e-25 8.458932156718733e-07
31.71875 5.043893815062544e-25 5.235453446380345e-25 8.506258480953834e-07
32.03125 5.552192496612866e-25 4.832538580514079e-25 8.337653306430841e-07
32.34375 5.250700498495602e-25 5.228984307119351e-25 8.503629592749405e-07
32.65625 5.215207614066847e-25 5.244496476065623e-25 8.50992925055983e-07
32.96875 5.290365678045078e-25 4.956590007990149e-25 8.39065277363925e-07
33.28125 5.060103375453621e-25 5.029167035558779e-25 8.421200645129558e-07
33.59375 5.118735212294847e-25 4.980354400718456e-25 8.400691997176125e-07
33.90625 4.386859081281831e-25 5.136134187623277e-25 8.465626241773724e-07
34.21875 5.031763002254613e-25 5.191960749959676e-25 8.488537081172533e-07
34.53125 4.760144710146429e-25 4.982226474751632e-25 8.401481323584488e-07
34.84375 5.221888347638511e-25 4.936329696326308e-25 8.382065295142671e-07
35.15625 5.172342162770342e-25 4.816989815195011e-25 8.330938568079885e-07
35.46875 4.715426081355958e-25 4.860853248435459e-25 8.349839496914423e-07
35.78125 4.759547459401308e-25 4.777159691689792e-25 8.313663453584001e-07
36.09375 5.448349133949522e-25 4.931240445955997e-25 8.379904026855742e-07
36.40625 4.935026933323028e-25 4.931377479804202e-25 8.379962243370561e-07
36.71875 4.085449186438285e-25 4.655624190196543e-25 8.260274486132589e-07
37.03125 4.535160240184063e-25 4.969097448705755e-25 8.395941007618889e-07
37.34375 5.555296984647307e-25 5.136529437400932e-25 8.465789104552026e-07
37.65625 4.817319791216084e-25 5.04764678526775e-25 8.428925965233781e-07
37.96875 4.842076104922882e-25 5.053395327347336e-25 8.431324773930339e-07
38.28125 5.047588094969435e-25 4.896097616985256e-25 8.364933967678351e-07
38.59375 5.462420894184793e-25 4.865827233556971e-25 8.351974721320283e-07
38.90625 4.76764625731156e-25 4.919355821279247e-25 8.374850422653546e-07
39.21875 4.559054013011239e-25 4.774325732382488e-25 8.312430198439551e-07
39.53125 4.842343313944884e-25 5.029934739044051e-25 8.421522001280196e-07
39.84375 5.500372426731217e-25 5.253954480094406e-25 8.513763392261062e-07
