# ct=3 Nx=38
# x_cm y_cm T_keV E_over_aTkeV4 aluminum
0.05 0.05 0.06144077460436634 0.02876049269617861 0
0.05 0.15 0.05892308360326264 0.02758722095201451 0
0.05 0.25 0.05428969421097452 0.02343493378228667 0
0.05 0.35 0.04758697890261338 0.02103203163345806 0
0.05 0.45 0.03983327761715842 0.0139377548174056 0
0.05 0.5499999999999999 0.0339126578812363 0.01152747291406888 0
0.05 0.6499999999999999 0.02842636792903965 0.008039112018896788 0
0.05 0.7499999999999999 0.02469406577760234 0.005971172493601133 0
0.05 0.85 0.02205629091899925 0.005080028184357916 0
0.05 0.95 0.0200061945586908 0.004182246905107323 0
0.05 1.05 0.01827522784444409 0.004205098725808435 0
0.05 1.15 0.01675877246109628 0.002879751555933531 0
0.05 1.25 0.01557594756440605 0.002967431637076808 0
0.05 1.35 0.01466865213194824 0.001810853450671422 0
0.05 1.45 0.01381683562022604 0.00250782677102708 0
0.05 1.55 0.01310264832752597 0.001626414135016953 0
0.05 1.65 0.01256803532410955 0.002009238050709902 0
0.05 1.75 0.01199724987545138 0.001402166127280047 0
0.05 1.85 0.01157077409038265 0.0007547586170858635 0
0.05 1.95 0.01127130215709756 0.001526572190646911 0
0.05 2.05 0.01103450385417257 0.00097077978615342 0
0.05 2.15 0.01079530481133495 0.001293031358369002 0
0.05 2.25 0.01055774863493754 0.001209195523529349 0
0.05 2.35 0.01039555019490041 0.0003874406661681744 0
0.05 2.45 0.01028550047917449 0.0004323268799269579 0
0.05 2.55 0.01021396593708026 0.0002547487145495747 0
0.05 2.65 0.01013557588672897 0.000243377560347025 0
0.05 2.75 0.01009458098536745 0.0002635394565935616 0
0.05 2.85 0.01006773093363528 0.0001645729148967122 0
0.05 2.95 0.01004584761696545 0.000181893911544984 0
0.05 3.05 0.01002336299133032 6.835217512726294e-05 0
0.05 3.15 0.01001192420545805 6.643491242930451e-05 0
0.05 3.25 0.01000416962481466 6.107272651811483e-05 0
0.05 3.35 0.01000056366937642 3.474092702749462e-06 0
0.05 3.45 0.009999636065956569 5.051470852646887e-09 0
0.05 3.55 0.01000001845993083 1.746089522651274e-08 0
0.05 3.65 0.009999413076510994 2.419575335605232e-08 0
0.05 3.75 0.0100002226097692 1.471613267582754e-08 0
0.15 0.05 0.0587950641312049 0.02709918247129291 0
0.15 0.15 0.05616929234745586 0.0252283122322859 0
0.15 0.25 0.05277387337163518 0.02319475700040893 0
0.15 0.35 0.04610591103801907 0.01794454886077999 0
0.15 0.45 0.03898498299637156 0.01252158028196641 0
0.15 0.5499999999999999 0.03194329790368394 0.01005024245443425 0
0.15 0.6499999999999999 0.0268609678637383 0.006866769087803621 0
0.15 0.7499999999999999 0.02397415852745591 0.006614619182641647 0
0.15 0.85 0.02156082749135247 0.004674389774049549 0
0.15 0.95 0.01950666853356425 0.004410443146501998 0
0.15 1.05 0.01790137335901654 0.00395828401787822 0
0.15 1.15 0.01650934339560922 0.003099897468978412 0
0.15 1.25 0.01526349020977477 0.003084582252161086 0
0.15 1.35 0.01429052795014468 0.001864860909181417 0
0.15 1.45 0.01358939414658576 0.002032443366856457 0
0.15 1.55 0.01304525450316981 0.001396060453964851 0
0.15 1.65 0.0125281991588773 0.001416451290046049 0
0.15 1.75 0.01212433000240254 0.0007542490897864399 0
0.15 1.85 0.01178447894536439 0.001183382663566901 0
0.15 1.95 0.01130963578083237 0.001229692800886119 0
0.15 2.05 0.01099376793021236 0.001086075934584646 0
0.15 2.15 0.01078489594727096 0.0008919953601907674 0
0.15 2.25 0.01060597662440795 0.0004564338431628672 0
0.15 2.35 0.01047796933067256 0.0004370168221727474 0
0.15 2.45 0.01036353570306779 0.0004926416534945917 0
0.15 2.55 0.0102412964759434 0.000528346932960758 0
0.15 2.65 0.0101700092612877 0.0003182934147039242 0
0.15 2.75 0.01011545684934535 0.0002751161959592107 0
0.15 2.85 0.01006892821169508 0.0001199536242278609 0
0.15 2.95 0.01003747487842741 0.0001318393842616317 0
0.15 3.05 0.01002157799201752 0.0001867948669048468 0
0.15 3.15 0.01000056388851846 5.005033757331211e-05 0
0.15 3.25 0.01000054314936051 1.011441282999971e-08 0
0.15 3.35 0.01000052771944539 3.477522707280444e-09 0
0.15 3.45 0.01000030806270459 1.414091374297674e-08 0
0.15 3.55 0.009999603362203974 2.944060625718438e-08 0
0.15 3.65 0.009999820112739716 1.050455098630369e-08 0
0.15 3.75 0.01000034803953 7.518793099851825e-09 0
0.25 0.05 0.05443012754169152 0.02429441152463619 0
0.25 0.15 0.05230858184036524 0.02363192169589368 0
0.25 0.25 0.04785293417377724 0.02000690507806473 0
0.25 0.35 0.04176516385530327 0.01480705541149324 0
0.25 0.45 0.03619246236681586 0.01288408900659223 0
0.25 0.5499999999999999 0.03064066996068374 0.009496703807430191 0
0.25 0.6499999999999999 0.02651219045534785 0.006092124436491347 0
0.25 0.7499999999999999 0.02322017268441613 0.005541932759995817 0
0.25 0.85 0.02083225765786562 0.004545690799161699 0
0.25 0.95 0.01913421080173659 0.004704345076134828 0
0.25 1.05 0.01760181613623509 0.003863574469393328 0
0.25 1.15 0.01611777216813848 0.002799175046803417 0
0.25 1.25 0.01509018408595867 0.002958316760664544 0
0.25 1.35 0.01401793364822279 0.002344128875941172 0
0.25 1.45 0.01323448751021861 0.001765154942539128 0
0.25 1.55 0.01261120023781155 0.00177350862821448 0
0.25 1.65 0.01207497997407208 0.001819053141010502 0
0.25 1.75 0.01163268492896101 0.001287239322019617 0
0.25 1.85 0.01134608368499735 0.00181472174638492 0
0.25 1.95 0.01112404593650795 0.0008942000165173892 0
0.25 2.05 0.01092302028442625 0.0009250399039624853 0
0.25 2.15 0.01068170881037733 0.0009589617992363803 0
0.25 2.25 0.01047316855082779 0.0007897458045252866 0
0.25 2.35 0.01033123391154713 0.0005520059556909191 0
0.25 2.45 0.01021302079769306 0.0007377693886867583 0
0.25 2.55 0.01013467762468822 0.0001541731604855032 0
0.25 2.65 0.01009489772296893 0.000181110606716216 0
0.25 2.75 0.01006031883676479 0.0003585108967427387 0
0.25 2.85 0.01003149999640183 0.0002058809975044267 0
0.25 2.95 0.0100215825469766 0.0001219479993657533 0
0.25 3.05 0.0100093903050299 2.703932391895123e-05 0
0.25 3.15 0.01000425452786814 1.290131813011496e-05 0
0.25 3.25 0.01000130155542379 1.542607674978912e-05 0
0.25 3.35 0.009999975310908699 9.331261339723312e-09 0
0.25 3.45 0.009999851072369243 8.922362953714858e-09 0
0.25 3.55 0.01000035597608274 4.658736038765498e-09 0
0.25 3.65 0.01000004921071764 3.63883747239927e-09 0
0.25 3.75 0.009999749196528147 8.965279897820036e-09 0
0.35 0.05 0.04771881904478741 0.01761293877846288 0
0.35 0.15 0.04633219568529133 0.0177479450251808 0
0.35 0.25 0.04191954662261985 0.01501029577463339 0
0.35 0.35 0.03708983294569825 0.01283011827016669 0
0.35 0.45 0.03189515873449622 0.00966800454452498 0
0.35 0.5499999999999999 0.02913248871534001 0.00722567043771164 0
0.35 0.6499999999999999 0.02538448998129124 0.006429956707513171 0
0.35 0.7499999999999999 0.02273230346567551 0.006316328211150933 0
0.35 0.85 0.02049458985548187 0.005578825780417679 0
0.35 0.95 0.01869747737728287 0.003922357636432102 0
0.35 1.05 0.01720571518214745 0.003201732947512023 0
0.35 1.15 0.01600313203925008 0.003233942148226606 0
0.35 1.25 0.01505619925192199 0.002551358893390223 0
0.35 1.35 0.01427232234538763 0.002442388094780218 0
0.35 1.45 0.01357450724711439 0.001288441604919043 0
0.35 1.55 0.01299653143344883 0.001574213105312559 0
0.35 1.65 0.01239796531264931 0.001567508097653711 0
0.35 1.75 0.01191468829203267 0.001243271863529835 0
0.35 1.85 0.01144217428234652 0.0009872106804019788 0
0.35 1.95 0.01114911854391862 0.0008389801299011174 0
0.35 2.05 0.01091739929174516 0.001124798194819481 0
0.35 2.15 0.01069158509737621 0.0008158403391229034 0
0.35 2.25 0.01054154090861917 0.0004092925747604774 0
0.35 2.35 0.01045466807705975 0.0005221744975133609 0
0.35 2.45 0.01031738731981971 0.0007001670273742184 0
0.35 2.55 0.01022008622848638 0.0003985544025135793 0
0.35 2.65 0.01012107375951077 0.000255013965145808 0
0.35 2.75 0.01008364354683926 0.0003514790252536144 0
0.35 2.85 0.01003980683508185 0.0001390634961909819 0
0.35 2.95 0.01002525367565054 2.314407824964568e-05 0
0.35 3.05 0.01001581481948632 7.204506185102775e-05 0
0.35 3.15 0.01000544352895772 2.764517107763104e-05 0
0.35 3.25 0.01000394746552459 8.622847939033148e-06 0
0.35 3.35 0.01000010806010878 1.910140758580536e-06 0
0.35 3.45 0.009999856003727676 7.510990120391096e-09 0
0.35 3.55 0.009999884797843212 1.534160134635046e-09 0
0.35 3.65 0.01000012792343754 4.948739657698189e-09 0
0.35 3.75 0.01000011704310979 1.221020840070783e-08 0
0.45 0.05 0.04043694283093868 0.01360226298068644 0
0.45 0.15 0.03939925851859231 0.01556980325768146 0
0.45 0.25 0.03643013287387377 0.01207050081663875 0
0.45 0.35 0.03230854277110098 0.009780607522443635 0
0.45 0.45 0.02877773530268213 0.00782333977486783 0
0.45 0.5499999999999999 0.0261332623150161 0.007139518393665399 0
0.45 0.6499999999999999 0.02393417636037483 0.006280483069097387 0
0.45 0.7499999999999999 0.0214324203648635 0.005472333670667838 0
0.45 0.85 0.01975291498357171 0.004370515074144017 0
0.45 0.95 0.0182644326651443 0.003378122293844339 0
0.45 1.05 0.01680386612847061 0.003088198590962612 0
0.45 1.15 0.01574158251157536 0.002912341691450335 0
0.45 1.25 0.01478520791330884 0.001496419016871225 0
0.45 1.35 0.01396511575445929 0.002287776210093627 0
0.45 1.45 0.01338588328419095 0.002003440988832116 0
0.45 1.55 0.01278625370247744 0.001495974340183614 0
0.45 1.65 0.01219158771432853 0.001734038519241639 0
0.45 1.75 0.01177816525545573 0.001283175931222372 0
0.45 1.85 0.0114497614938598 0.0008830716210802308 0
0.45 1.95 0.01108790957712406 0.001063467853447704 0
0.45 2.05 0.01088023718022382 0.0009397649603891967 0
0.45 2.15 0.01065864492276694 0.0004830519732358353 0
0.45 2.25 0.0104709753880564 0.0006852196312350889 0
0.45 2.35 0.01028215525007099 0.0003884568641388978 0
0.45 2.45 0.01020426953986978 0.0003477759124996955 0
0.45 2.55 0.01014417400517019 0.0003797660785047975 0
0.45 2.65 0.01011046172092424 0.0002254548778496099 0
0.45 2.75 0.01007892473925458 0.0003984789357843417 0
0.45 2.85 0.0100469901824601 0.0001519927757295878 0
0.45 2.95 0.01002260357312023 0.0001104433973534236 0
0.45 3.05 0.01000897243083599 1.568086054267029e-05 0
0.45 3.15 0.01000163628579344 1.117819468614058e-05 0
0.45 3.25 0.009999979476344695 1.095719286385439e-08 0
0.45 3.35 0.01000010296079936 2.00592194833168e-11 0
0.45 3.45 0.01000014687337071 2.486378680604558e-09 0
0.45 3.55 0.01000025645832338 2.942270170242481e-09 0
0.45 3.65 0.00999973128694322 1.281730934714215e-08 0
0.45 3.75 0.01000035316058558 1.16515656609833e-08 0
0.5499999999999999 0.05 0.0333580443460931 0.01050628956026673 0
0.5499999999999999 0.15 0.03230636852257932 0.00772483578298921 0
0.5499999999999999 0.25 0.03091159435440814 0.009683271089824284 0
0.5499999999999999 0.35 0.02845334108271646 0.007868683773375783 0
0.5499999999999999 0.45 0.02604818881624256 0.008066010058159861 0
0.5499999999999999 0.5499999999999999 0.07277769016642027 0.003389123501448326 1
0.5499999999999999 0.6499999999999999 0.05890664804272702 0.00310225917107324 1
0.5499999999999999 0.7499999999999999 0.05130795500287466 0.002755571976776449 1
0.5499999999999999 0.85 0.04498719554821773 0.001402378485118847 1
0.5499999999999999 0.95 0.03977092575975327 0.001397571293053622 1
0.5499999999999999 1.05 0.03508588414135652 0.0008811890356277253 1
0.5499999999999999 1.15 0.02996396699372832 0.0005935272305648349 1
0.5499999999999999 1.25 0.0268571301835238 0.0005050392331158845 1
0.5499999999999999 1.35 0.02470326894084359 0.0005521151760778178 1
0.5499999999999999 1.45 0.02160128936883828 0.0003442667407920193 1
0.5499999999999999 1.55 0.01107011141891284 0.0008586706410226655 0
0.5499999999999999 1.65 0.01131279069051342 0.0009739970477860481 0
0.5499999999999999 1.75 0.01129862307603629 0.000617445035027627 0
0.5499999999999999 1.85 0.0111782312137792 0.0007363463137001985 0
0.5499999999999999 1.95 0.01096279340738309 0.0006470915130225778 0
0.5499999999999999 2.05 0.01074133455684017 0.0008693604291265946 0
0.5499999999999999 2.15 0.01057258663017535 0.0006841622228825926 0
0.5499999999999999 2.25 0.01046134761436346 0.0005829376810085346 0
0.5499999999999999 2.35 0.01039843855710404 0.0006475222187090026 0
0.5499999999999999 2.45 0.01026648571422969 0.0005845815299360914 0
0.5499999999999999 2.55 0.01015368244958778 0.0004342760424219604 0
0.5499999999999999 2.65 0.01008834455890243 0.0003555643833327707 0
0.5499999999999999 2.75 0.01005543882968192 0.0002749377636315639 0
0.5499999999999999 2.85 0.01003318724161116 0.0001767773623004251 0
0.5499999999999999 2.95 0.01001147048276663 0.0001156346050430113 0
0.5499999999999999 3.05 0.01001055716066246 2.104284147066262e-05 0
0.5499999999999999 3.15 0.01000596699530177 9.930481734936086e-05 0
0.5499999999999999 3.25 0.01000103507504647 1.101625438820699e-05 0
0.5499999999999999 3.35 0.01000040530877357 1.033098316997691e-08 0
0.5499999999999999 3.45 0.009999907301058503 3.049097103773396e-09 0
0.5499999999999999 3.55 0.009999648994540995 1.260316686774794e-08 0
0.5499999999999999 3.65 0.01000024615762797 3.101535683877436e-09 0
0.5499999999999999 3.75 0.009999629477513001 1.147241744643417e-08 0
0.6499999999999999 0.05 0.02832893704660223 0.008319215243127542 0
0.6499999999999999 0.15 0.02784879795903854 0.006811378652532856 0
0.6499999999999999 0.25 0.02646222658254348 0.007497500126615812 0
0.6499999999999999 0.35 0.02511429858564507 0.005646711058189892 0
0.6499999999999999 0.45 0.0234363205160917 0.005028544370252712 0
0.6499999999999999 0.5499999999999999 0.05959528476054104 0.00307003885856862 1
0.6499999999999999 0.6499999999999999 0.03098750677757512 0.0009641202126101775 1
0.6499999999999999 0.7499999999999999 0.02218277017416431 0.0006505002435420626 1
0.6499999999999999 0.85 0.01824122626508583 0.0004773460635675711 1
0.6499999999999999 0.95 0.01504257639153913 0.000175333153616509 1
0.6499999999999999 1.05 0.01339571091034914 0.0001264050142771034 1
0.6499999999999999 1.15 0.01230549964171428 0.0002201892633710979 1
0.6499999999999999 1.25 0.01146701437577046 8.702543390635615e-05 1
0.6499999999999999 1.35 0.01101795406094607 5.799752751304263e-05 1
0.6499999999999999 1.45 0.0106820878637669 7.207119649080504e-05 1
0.6499999999999999 1.55 0.01017367816229293 4.493310964005172e-05 0
0.6499999999999999 1.65 0.0102718532017508 0.0001617441897158555 0
0.6499999999999999 1.75 0.01045376028581669 0.0002738349705890332 0
0.6499999999999999 1.85 0.01054083563328948 0.0003685661740303613 0
0.6499999999999999 1.95 0.01057034110831978 0.0006323941609689542 0
0.6499999999999999 2.05 0.01046063496888661 0.0006019256257985636 0
0.6499999999999999 2.15 0.01035168491964477 0.0004703289499931638 0
0.6499999999999999 2.25 0.01032224374360194 0.0004766791064749176 0
0.6499999999999999 2.35 0.01027875660859252 0.0002960546214744432 0
0.6499999999999999 2.45 0.01020087680126062 0.0003324237216136444 0
0.6499999999999999 2.55 0.01014682364010298 0.0003879885247900836 0
0.6499999999999999 2.65 0.01008848417923195 6.894107792333277e-05 0
0.6499999999999999 2.75 0.01006365278974692 0.0001643803867084464 0
0.6499999999999999 2.85 0.01002210039850537 6.008344950556183e-05 0
0.6499999999999999 2.95 0.01000390142975562 9.673853682196815e-05 0
0.6499999999999999 3.05 0.01000109942840112 3.87185707183317e-05 0
0.6499999999999999 3.15 0.01000011338005948 6.162147228835878e-09 0
0.6499999999999999 3.25 0.009999850544286776 2.917691774714562e-09 0
0.6499999999999999 3.35 0.009999706344054577 1.238524538063421e-08 0
0.6499999999999999 3.45 0.01000027039772235 9.103241244472e-09 0
0.6499999999999999 3.55 0.01000014771760562 3.644068998793732e-10 0
0.6499999999999999 3.65 0.01000019765098216 3.340750094552443e-09 0
0.6499999999999999 3.75 0.009999798013325862 1.528518904858558e-08 0
0.7499999999999999 0.05 0.02448755355426287 0.006111509694708877 0
0.7499999999999999 0.15 0.02455248544610123 0.006341101537515163 0
0.7499999999999999 0.25 0.02351207761169632 0.005083681555330325 0
0.7499999999999999 0.35 0.0222290264132522 0.004733071870628063 0
0.7499999999999999 0.45 0.02107212632217086 0.004745266806287564 0
0.7499999999999999 0.5499999999999999 0.05192533284043804 0.0021761189478031 1
0.7499999999999999 0.6499999999999999 0.02145140829444236 0.0006220281733216814 1
0.7499999999999999 0.7499999999999999 0.01427182037681958 0.0003484492877520432 1
0.7499999999999999 0.85 0.01219653872529329 0.000176646492269081 1
0.7499999999999999 0.95 0.0113724557459661 8.593174663585015e-05 1
0.7499999999999999 1.05 0.01085518086310671 6.72087616415938e-05 1
0.7499999999999999 1.15 0.01066318410740398 2.750141736707565e-05 1
0.7499999999999999 1.25 0.01050437412812506 4.710375742196849e-05 1
0.7499999999999999 1.35 0.01026191482000302 2.938332506872195e-05 1
0.7499999999999999 1.45 0.01019822912207184 3.235840444342757e-05 1
0.7499999999999999 1.55 0.01003566623653693 1.072870982185748e-05 0
0.7499999999999999 1.65 0.01004496299956212 4.948525911945912e-05 0
0.7499999999999999 1.75 0.01009013419064834 3.351517005326073e-05 0
0.7499999999999999 1.85 0.01016211808141106 3.052371661059934e-05 0
0.7499999999999999 1.95 0.01021276117495198 0.0002288696980215548 0
0.7499999999999999 2.05 0.01026252989291651 0.0002434850629823501 0
0.7499999999999999 2.15 0.01024135404498272 0.0002765707809517894 0
0.7499999999999999 2.25 0.01015470499142209 0.0002693935975249678 0
0.7499999999999999 2.35 0.01011782660066674 0.0001237980847913944 0
0.7499999999999999 2.45 0.01012947241245898 0.0001474375846149505 0
0.7499999999999999 2.55 0.01011407835207524 0.0002026014345631897 0
0.7499999999999999 2.65 0.0100755932286814 0.0003607648893726833 0
0.7499999999999999 2.75 0.01002477495168163 0.0001070737617149498 0
0.7499999999999999 2.85 0.01004077538989687 0.000123504362993869 0
0.7499999999999999 2.95 0.01002374563734475 0.0001350538525391627 0
0.7499999999999999 3.05 0.01000358540481429 8.395232738828964e-06 0
0.7499999999999999 3.15 0.01000174368455532 7.47193157533617e-05 0
0.7499999999999999 3.25 0.009999997269585354 1.230248553538311e-08 0
0.7499999999999999 3.35 0.01000075172872585 8.78829276303311e-09 0
0.7499999999999999 3.45 0.009999831161064638 1.051405243724923e-08 0
0.7499999999999999 3.55 0.009999943330836775 8.65692117624502e-09 0
0.7499999999999999 3.65 0.009999906321657055 1.2657961297957e-08 0
0.7499999999999999 3.75 0.009999995063762274 2.613992831057804e-08 0
0.85 0.05 0.02180942146679085 0.005774627197587506 0
0.85 0.15 0.02152083632862271 0.006835352907758648 0
0.85 0.25 0.02152379053055824 0.004768257569882926 0
0.85 0.35 0.02036390117763618 0.003966554047060942 0
0.85 0.45 0.01923418593947646 0.004844208198700629 0
0.85 0.5499999999999999 0.04505364300286378 0.001671275289262816 1
0.85 0.6499999999999999 0.01736670516014657 0.0003053672500367818 1
0.85 0.7499999999999999 0.01200346363613959 0.0001599673881773534 1
0.85 0.85 0.01106796149022621 2.248466149651962e-05 1
0.85 0.95 0.01062576816249811 4.270964219033281e-05 1
0.85 1.05 0.01036979067364305 1.691124986232567e-05 1
0.85 1.15 0.01022569228764104 4.432206693255677e-05 1
0.85 1.25 0.01017638753799982 4.386815699576558e-05 1
0.85 1.35 0.01013986347910432 6.643754420637815e-06 1
0.85 1.45 0.01007923014444195 1.142505651645754e-05 1
0.85 1.55 0.01001624072019125 4.361589638458145e-06 0
0.85 1.65 0.01001746579958562 6.398123855690351e-06 0
0.85 1.75 0.01002715057497792 1.619868449201712e-05 0
0.85 1.85 0.01002231277116705 6.716044613680003e-06 0
0.85 1.95 0.01006840331660236 6.055428208291537e-05 0
0.85 2.05 0.0100907902729586 0.0001000741488678532 0
0.85 2.15 0.01010784572779546 0.0001644503972595359 0
0.85 2.25 0.01011196652581649 8.380834058561857e-05 0
0.85 2.35 0.01008304838979561 5.723485876639e-05 0
0.85 2.45 0.0100587900663603 9.35617471055783e-05 0
0.85 2.55 0.0100357244105572 0.0001786996799442795 0
0.85 2.65 0.01002695345038217 0.0001227346991585942 0
0.85 2.75 0.01002427259591042 0.0001781298750667899 0
0.85 2.85 0.01001250369770957 5.309753409901687e-05 0
0.85 2.95 0.01000988598162478 2.373752377065531e-05 0
0.85 3.05 0.01000202324198853 1.225901599344526e-05 0
0.85 3.15 0.01000079492210716 7.680471764581405e-09 0
0.85 3.25 0.01000071775272872 1.777069145697153e-08 0
0.85 3.35 0.0100003497338156 1.93152722274592e-05 0
0.85 3.45 0.009999965878539147 5.618649672378977e-09 0
0.85 3.55 0.01000046795165289 1.059999489223637e-08 0
0.85 3.65 0.01000031712891371 3.006946829514711e-08 0
0.85 3.75 0.009999758531183862 2.70765969840975e-09 0
0.95 0.05 0.01955783449616345 0.003928608026420298 0
0.95 0.15 0.01943503473538579 0.003717739045290921 0
0.95 0.25 0.01944040410963944 0.003361999784323639 0
0.95 0.35 0.01865904948404208 0.004185999143400333 0
0.95 0.45 0.01814809040965978 0.003939232043644367 0
0.95 0.5499999999999999 0.03903989148554382 0.001073493899674349 1
0.95 0.6499999999999999 0.01517884670610564 0.0002183784145365121 1
0.95 0.7499999999999999 0.01132248966829433 7.685821901801392e-05 1
0.95 0.85 0.01051425598798877 2.096794657595854e-05 1
0.95 0.95 0.01033366421819816 4.682492438319386e-05 1
0.95 1.05 0.01019204717222204 1.036856152076972e-05 1
0.95 1.15 0.01011092050912811 6.338226878895804e-06 1
0.95 1.25 0.01006956770735862 4.418369457645151e-06 1
0.95 1.35 0.01005408365786716 5.683024015146115e-06 1
0.95 1.45 0.0100385479620618 2.335741978662666e-06 1
0.95 1.55 0.01000662776636986 2.568426851051408e-06 0
0.95 1.65 0.01001047550300938 9.654766744430989e-06 0
0.95 1.75 0.01001015259361238 6.649425524955386e-06 0
0.95 1.85 0.01000774459227272 3.005178553946635e-06 0
0.95 1.95 0.01001140652613286 7.627333259396418e-06 0
0.95 2.05 0.0100227367648179 5.664262218714658e-05 0
0.95 2.15 0.01004671592113534 7.734460611530202e-05 0
0.95 2.25 0.01004164726809673 8.817084361860488e-05 0
0.95 2.35 0.01005422359889659 0.0002484582665230869 0
0.95 2.45 0.0100377628183109 1.82998477336557e-05 0
0.95 2.55 0.01004683543741844 9.147712564245544e-05 0
0.95 2.65 0.01001459813337091 0.0001428104686859878 0
0.95 2.75 0.01000507190051237 1.997469399822201e-05 0
0.95 2.85 0.01000478457431754 2.590168329866008e-05 0
0.95 2.95 0.0100022671568253 2.979337454157312e-05 0
0.95 3.05 0.01000516923312545 9.561819689713759e-06 0
0.95 3.15 0.01000200519174811 9.789672566993147e-06 0
0.95 3.25 0.009999778951013245 1.494148279990472e-08 0
0.95 3.35 0.009999791122006347 1.77927413971223e-08 0
0.95 3.45 0.009999994180639366 1.164611276799158e-08 0
0.95 3.55 0.01000006194401295 7.897703268550752e-09 0
0.95 3.65 0.009999546831740109 4.268101555755179e-10 0
0.95 3.75 0.01000064471392705 2.308467033447911e-10 0
1.05 0.05 0.01762659711203445 0.003808263346176578 0
1.05 0.15 0.01804445206323953 0.003429395292072981 0
1.05 0.25 0.01764476922835459 0.003746676908726145 0
1.05 0.35 0.01708754591129195 0.003266794221543472 0
1.05 0.45 0.01688353986354664 0.004644202225423503 0
1.05 0.5499999999999999 0.03483199813853294 0.0006653679797996729 1
1.05 0.6499999999999999 0.01311568353845617 0.0002459258001155435 1
1.05 0.7499999999999999 0.01088893220817123 4.390829611144983e-05 1
1.05 0.85 0.01035132391970017 0.0001012186352915815 1
1.05 0.95 0.0101548895823744 1.44380089656926e-05 1
1.05 1.05 0.0100967300476538 4.590504890966134e-06 1
1.05 1.15 0.01006917782563527 4.174197821903617e-06 1
1.05 1.25 0.0100374058052962 3.818167991131311e-06 1
1.05 1.35 0.01002684752347759 4.918913645913282e-06 1
1.05 1.45 0.01002053954550829 1.406954086513397e-06 1
1.05 1.55 0.0100032492615091 6.162005953616766e-07 0
1.05 1.65 0.01000493106815327 2.252851524378829e-06 0
1.05 1.75 0.01000526358956634 4.466855441799182e-06 0
1.05 1.85 0.01000568681525195 4.060360368397016e-06 0
1.05 1.95 0.01000550190546846 9.608101348958145e-07 0
1.05 2.05 0.01000473124170454 3.174742858747227e-06 0
1.05 2.15 0.01000743045599662 3.18333774323683e-05 0
1.05 2.25 0.01001226782840148 1.341244709182772e-05 0
1.05 2.35 0.01001340476776547 1.479362075974919e-06 0
1.05 2.45 0.01001428576307062 5.300596075792904e-05 0
1.05 2.55 0.01002525547695453 1.024677825822045e-08 0
1.05 2.65 0.01001472739776388 4.896572396397378e-05 0
1.05 2.75 0.01001038193197401 5.553279704866193e-05 0
1.05 2.85 0.01000576676468569 6.562989030661015e-06 0
1.05 2.95 0.01000055549026925 6.644447937206207e-06 0
1.05 3.05 0.01000011819003234 1.224651423774239e-08 0
1.05 3.15 0.01000023540603635 9.06525445330473e-09 0
1.05 3.25 0.01000029301614148 8.097411893963367e-09 0
1.05 3.35 0.009999844308791101 5.127947815889659e-09 0
1.05 3.45 0.01000018098425372 1.104538000946726e-08 0
1.05 3.55 0.01000027788291348 9.543758871644768e-09 0
1.05 3.65 0.01000012315371692 9.87935602955871e-09 0
1.05 3.75 0.009999349420944843 2.266275987090702e-08 0
1.15 0.05 0.01623742219353874 0.003009148060324073 0
1.15 0.15 0.01662031416557958 0.003988549280832649 0
1.15 0.25 0.01613455931164308 0.003130135488648992 0
1.15 0.35 0.01615336051565715 0.003066373615742505 0
1.15 0.45 0.01561378828212618 0.00237569596018523 0
1.15 0.5499999999999999 0.02957975567913582 0.0008020752746463819 1
1.15 0.6499999999999999 0.01217078134241785 0.0001418005350881899 1
1.15 0.7499999999999999 0.01065764574545361 4.498654550570121e-05 1
1.15 0.85 0.01024654150214165 1.377441246870509e-05 1
1.15 0.95 0.01011121069493061 4.251393808695811e-06 1
1.15 1.05 0.01005157628321792 2.532380822450962e-06 1
1.15 1.15 0.0100403722185268 5.359917002114615e-07 1
1.15 1.25 0.01002462777716017 8.16471965112962e-07 1
1.15 1.35 0.01001173454341198 2.002428850648933e-07 1
1.15 1.45 0.01000946861382047 5.868585878530902e-09 1
1.15 1.55 0.01000119169915038 5.019589265703192e-06 0
1.15 1.65 0.01000216434929925 2.782821727381251e-06 0
1.15 1.75 0.01000283406497061 3.079552944651567e-06 0
1.15 1.85 0.01000303975891072 3.656535718594686e-06 0
1.15 1.95 0.01000429411642812 3.394386126122839e-10 0
1.15 2.05 0.01000293057320135 1.607979321797759e-06 0
1.15 2.15 0.01000235300629683 4.143548255352841e-05 0
1.15 2.25 0.01000044106720267 7.217213886417323e-06 0
1.15 2.35 0.01000173543942807 5.753314982858144e-06 0
1.15 2.45 0.01000354070352273 2.377675642954475e-05 0
1.15 2.55 0.01000152313317727 4.946934853862871e-07 0
1.15 2.65 0.01000467062806777 5.706152868677262e-06 0
1.15 2.75 0.01000691933978416 7.895902107118348e-06 0
1.15 2.85 0.01000206249630921 2.564760137971053e-06 0
1.15 2.95 0.009999981135831466 4.365143901783289e-09 0
1.15 3.05 0.01000040138222204 3.095198332480927e-09 0
1.15 3.15 0.009999737494486145 9.14794365220057e-09 0
1.15 3.25 0.0100001353572209 1.068476972799193e-08 0
1.15 3.35 0.01000008842977409 1.132827338829707e-08 0
1.15 3.45 0.0100002281880235 2.324292050243176e-09 0
1.15 3.55 0.009999684159446649 2.21308280073768e-09 0
1.15 3.65 0.01000058197087896 5.842165083643402e-09 0
1.15 3.75 0.009999675694889593 1.174627810001754e-08 0
1.25 0.05 0.01506168889466059 0.002601107393304121 0
1.25 0.15 0.01550227573638669 0.002022886426929595 0
1.25 0.25 0.01496466653104194 0.003054670704694417 0
1.25 0.35 0.01490276655725886 0.002611926941181417 0
1.25 0.45 0.01474569243764927 0.001617950820759637 0
1.25 0.5499999999999999 0.02733172052905631 0.0008186807956789747 1
1.25 0.6499999999999999 0.01128037653950927 5.843516069781558e-05 1
1.25 0.7499999999999999 0.01044520962259211 2.341588055452029e-05 1
1.25 0.85 0.01018184318234144 2.131418910866631e-05 1
1.25 0.95 0.01008642164768196 3.916401882994634e-06 1
1.25 1.05 0.01004417305425118 9.221047684554641e-06 1
1.25 1.15 0.01001728453731287 1.137641193811375e-07 1
1.25 1.25 0.01002199566047734 9.95022651016451e-07 1
1.25 1.35 0.01001111022299795 1.272628618604637e-06 1
1.25 1.45 0.01000437808442157 1.191970394524314e-08 1
1.25 1.55 0.01000038223503509 3.387401165102434e-07 0
1.25 1.65 0.0100008737180103 2.495586042907231e-06 0
1.25 1.75 0.01000190346023956 7.172744063738334e-07 0
1.25 1.85 0.01000195533288263 2.580721648366309e-08 0
1.25 1.95 0.01000267119731348 6.489546839860271e-07 0
1.25 2.05 0.01000240192728143 2.021740149881042e-06 0
1.25 2.15 0.01000216502050279 4.050445388561398e-06 0
1.25 2.25 0.01000254968258631 1.83396333298746e-07 0
1.25 2.35 0.01000056581657262 1.114893996700303e-05 0
1.25 2.45 0.01000109866949174 7.905024537975715e-07 0
1.25 2.55 0.01000003579573829 4.081623905724747e-06 0
1.25 2.65 0.01000047487650292 2.274776800938985e-06 0
1.25 2.75 0.009999997888834006 1.225236448568486e-08 0
1.25 2.85 0.01000307836761806 2.640177501921812e-05 0
1.25 2.95 0.009999711444110066 5.551406015273337e-08 0
1.25 3.05 0.009999901651305838 2.911854567772665e-07 0
1.25 3.15 0.009999520237120269 1.452440013947521e-08 0
1.25 3.25 0.0100001414051333 1.522266008969194e-08 0
1.25 3.35 0.009999959855520619 4.645401474025312e-09 0
1.25 3.45 0.01000035595014793 6.333378168415104e-09 0
1.25 3.55 0.009999571592250196 1.192865091762487e-08 0
1.25 3.65 0.009999914496625312 2.460486140804154e-08 0
1.25 3.75 0.009999880154197744 1.939264024778992e-08 0
1.35 0.05 0.01418835018300506 0.001753201470333214 0
1.35 0.15 0.01451275758574472 0.002363773732749206 0
1.35 0.25 0.01414732629682545 0.00235552481448986 0
1.35 0.35 0.01394336172224815 0.001543561595181708 0
1.35 0.45 0.01386802004993751 0.001851540627199528 0
1.35 0.5499999999999999 0.02493311199871313 0.0004903825067072592 1
1.35 0.6499999999999999 0.01100496361660986 5.941410084738517e-05 1
1.35 0.7499999999999999 0.01028305830928773 1.344149465543873e-05 1
1.35 0.85 0.01012830150012122 6.390647655771359e-06 1
1.35 0.95 0.01005717807624558 5.266894741405237e-06 1
1.35 1.05 0.01003742909905068 4.419924146233632e-06 1
1.35 1.15 0.01001943037517405 8.459070701302509e-08 1
1.35 1.25 0.01000850143664834 1.560368311800663e-07 1
1.35 1.35 0.0100089915383036 1.359861069397859e-05 1
1.35 1.45 0.01000432886308701 2.393415488324176e-07 1
1.35 1.55 0.01000015618780083 4.426453889087029e-07 0
1.35 1.65 0.01000001117134687 2.578130391134582e-07 0
1.35 1.75 0.01000074111707917 3.759932312493821e-06 0
1.35 1.85 0.01000101549965095 1.268587498140021e-06 0
1.35 1.95 0.01000216364459718 9.594552745136879e-09 0
1.35 2.05 0.0100009778032414 2.276652941245952e-07 0
1.35 2.15 0.01000198789640606 8.874782551091127e-09 0
1.35 2.25 0.01000096269938368 2.442477330929974e-06 0
1.35 2.35 0.01000137004125236 2.859361927338372e-07 0
1.35 2.45 0.01000167794887176 1.922346176673539e-06 0
1.35 2.55 0.009999990289302336 6.940686260398504e-07 0
1.35 2.65 0.009999641355091033 9.789736279424944e-07 0
1.35 2.75 0.01000027122457738 2.524761834577797e-09 0
1.35 2.85 0.009999735331288524 1.828241214046518e-09 0
1.35 2.95 0.01000044932485679 1.330949596257917e-09 0
1.35 3.05 0.01000013838725224 1.634707988224335e-08 0
1.35 3.15 0.01000026932580113 1.258864956048299e-08 0
1.35 3.25 0.01000015535831679 9.161380109047062e-09 0
1.35 3.35 0.009999887058811514 1.192092466576873e-08 0
1.35 3.45 0.009999889351700948 1.421659656770681e-08 0
1.35 3.55 0.01000068064940919 1.392863649154918e-08 0
1.35 3.65 0.01000004894704233 5.044111035049427e-09 0
1.35 3.75 0.01000004586018889 1.197280159093491e-08 0
1.45 0.05 0.013376185941646 0.001751587321493253 0
1.45 0.15 0.01361883525437741 0.002462990323742377 0
1.45 0.25 0.01336178833318589 0.002092732928802751 0
1.45 0.35 0.01314795433869262 0.001533707093803935 0
1.45 0.45 0.01322019677766396 0.001420486047876992 0
1.45 0.5499999999999999 0.02057512340392685 0.0003720271045433731 1
1.45 0.6499999999999999 0.01065526844624989 6.299188091264706e-05 1
1.45 0.7499999999999999 0.01017727280847009 2.118988150491332e-05 1
1.45 0.85 0.01008663390866764 2.722575230190767e-05 1
1.45 0.95 0.01003538041094085 3.007419330730535e-06 1
1.45 1.05 0.01001568958100007 6.262765358504464e-07 1
1.45 1.15 0.01001665569063148 7.92846267683278e-07 1
1.45 1.25 0.01000888671368883 1.251038394205655e-06 1
1.45 1.35 0.01000251126027919 7.222111805072213e-09 1
1.45 1.45 0.01000326392059193 2.650629226263138e-06 1
1.45 1.55 0.01000056839628684 4.956735885035197e-07 0
1.45 1.65 0.0100000014163696 3.410177297959234e-07 0
1.45 1.75 0.01000058569024688 3.32388186984275e-07 0
1.45 1.85 0.01000097179216709 4.398530687797899e-07 0
1.45 1.95 0.01000105410245723 1.231765619772235e-08 0
1.45 2.05 0.01000065419926045 1.93034371897713e-06 0
1.45 2.15 0.01000071985558705 2.265279544349257e-06 0
1.45 2.25 0.01000050887474004 6.555560340646307e-07 0
1.45 2.35 0.01000113417046634 3.671069800267444e-07 0
1.45 2.45 0.01000125451089375 1.730492406465016e-06 0
1.45 2.55 0.01000076550211361 7.151593119563737e-06 0
1.45 2.65 0.01000013477283148 1.20104171725754e-08 0
1.45 2.75 0.01000033934093793 6.056576536594616e-09 0
1.45 2.85 0.009999943753005742 6.130000265765544e-09 0
1.45 2.95 0.009999949730535324 8.121312989752358e-09 0
1.45 3.05 0.009999370818722614 1.280309984864097e-08 0
1.45 3.15 0.009999496731812347 9.137234491922111e-09 0
1.45 3.25 0.01000010352137139 1.138354158906685e-08 0
1.45 3.35 0.01000032250251394 1.487000997458576e-08 0
1.45 3.45 0.009999785204293805 1.540070538739957e-08 0
1.45 3.55 0.009999710304516757 5.940885949092705e-09 0
1.45 3.65 0.01000026882232476 3.743151086315915e-09 0
1.45 3.75 0.009999914897836821 8.659002080885903e-10 0
1.55 0.05 0.03129029609653304 0.0005406280754473079 1
1.55 0.15 0.0311296170139713 0.000878544664989588 1
1.55 0.25 0.03164746966267298 0.0008038516398741976 1
1.55 0.35 0.02984175939157146 0.0008763289116628389 1
1.55 0.45 0.03135439699272577 0.0010815008655903 1
1.55 0.5499999999999999 0.01091693830462824 0.0006552911869456928 0
1.55 0.6499999999999999 0.01016072383881235 0.0001235894664527443 0
1.55 0.7499999999999999 0.01002897656891176 1.665086503418596e-05 0
1.55 0.85 0.01001947897681942 1.072982387216805e-06 0
1.55 0.95 0.01000788970253608 4.08879978134117e-06 0
1.55 1.05 0.01000252680975379 7.264911691989839e-07 0
1.55 1.15 0.0100012103110393 3.438690809838858e-07 0
1.55 1.25 0.01000003798236606 7.032011268617307e-06 0
1.55 1.35 0.01000046270641931 8.325214956250878e-07 0
1.55 1.45 0.01000016927404403 1.496276082374097e-08 0
1.55 1.55 0.01000127673648933 2.993375626878542e-08 1
1.55 1.65 0.01000045335878909 2.172225083912177e-07 1
1.55 1.75 0.01000056663640038 1.089608279705813e-07 1
1.55 1.85 0.01000065592827028 2.46068669821175e-08 1
1.55 1.95 0.01000111935991001 1.738276092444546e-08 1
1.55 2.05 0.0100010490727135 5.405271119414601e-07 1
1.55 2.15 0.0100034749701662 7.665193538942803e-07 1
1.55 2.25 0.01000101889806672 8.934381628392782e-07 1
1.55 2.35 0.01000136106275974 1.617762408157931e-08 1
1.55 2.45 0.01000154297203494 6.504774960925307e-07 1
1.55 2.55 0.01000023497533732 7.009352107385718e-09 0
1.55 2.65 0.01000023522088313 7.150740928951686e-07 0
1.55 2.75 0.01000048505816821 9.994104422876641e-09 0
1.55 2.85 0.01000007563394746 6.898600483744091e-09 0
1.55 2.95 0.01000022658183099 1.088043198332147e-08 0
1.55 3.05 0.009999701120101751 1.753234795173838e-08 0
1.55 3.15 0.009999927980655205 9.694688755479692e-09 0
1.55 3.25 0.0100000842036684 2.507242336158793e-08 0
1.55 3.35 0.009999835583798817 1.135552763649415e-08 0
1.55 3.45 0.01000011699025962 8.887916281516993e-09 0
1.55 3.55 0.009999939470799152 1.253405289085408e-08 0
1.55 3.65 0.01000013748446151 1.404461881177645e-08 0
1.55 3.75 0.009999786483135726 1.170785657526015e-08 0
1.65 0.05 0.01315203876845414 0.0002412734544748672 1
1.65 0.15 0.01349564318236381 0.0002775524122272581 1
1.65 0.25 0.01376545567136525 0.0003578572893202994 1
1.65 0.35 0.01329724506094448 0.0002801340349617477 1
1.65 0.45 0.01328570741731112 0.0002128512922571137 1
1.65 0.5499999999999999 0.01078909275067353 0.0004346296564964474 0
1.65 0.6499999999999999 0.01023163060509836 0.0001594885236192556 0
1.65 0.7499999999999999 0.01004737410925979 1.091825143634867e-05 0
1.65 0.85 0.01001460576503332 2.736567483789575e-06 0
1.65 0.95 0.01001171368895782 8.802733419548092e-06 0
1.65 1.05 0.01000415852504645 1.27476817917507e-06 0
1.65 1.15 0.0100017859524192 5.971993797079817e-07 0
1.65 1.25 0.01000033440869132 1.766715717663261e-08 0
1.65 1.35 0.0099999002874759 5.606605294545906e-06 0
1.65 1.45 0.01000112230777418 1.635027099503998e-08 0
1.65 1.55 0.01000099222247343 1.245011702020323e-07 1
1.65 1.65 0.01000028682676714 4.857886964470957e-08 1
1.65 1.75 0.01000017296045698 4.122159360585572e-08 1
1.65 1.85 0.01000024535696355 2.023538706966416e-08 1
1.65 1.95 0.01000008629546358 1.666678385429036e-08 1
1.65 2.05 0.01000036358288327 3.324182424792214e-10 1
1.65 2.15 0.01000019682439003 2.72425394254569e-09 1
1.65 2.25 0.01000061174782076 1.155957132951552e-06 1
1.65 2.35 0.009999944672753575 2.961314660379906e-08 1
1.65 2.45 0.01000014593383782 3.80041906411552e-07 1
1.65 2.55 0.01000078734601985 4.1472249224857e-07 0
1.65 2.65 0.009999545369617242 4.104698176693098e-07 0
1.65 2.75 0.01000082983408447 3.788097175651514e-09 0
1.65 2.85 0.00999917103017069 6.158770840089284e-07 0
1.65 2.95 0.01000042021067372 1.007935710132575e-08 0
1.65 3.05 0.01000036163317176 1.751127005651466e-08 0
1.65 3.15 0.01000027800746807 5.967646061731535e-09 0
1.65 3.25 0.009999610225144413 7.861670788522694e-09 0
1.65 3.35 0.009999876654391077 1.434539911583151e-08 0
1.65 3.45 0.009999901293000452 5.468371470044557e-09 0
1.65 3.55 0.009999699242403754 1.695572842525644e-08 0
1.65 3.65 0.01000000025716176 2.357374506853912e-09 0
1.65 3.75 0.01000038691022866 1.804202183681064e-08 0
1.75 0.05 0.01085524148924904 6.697193971519393e-05 1
1.75 0.15 0.01083219216321725 5.334220991614786e-05 1
1.75 0.25 0.01098360194082163 4.285208953034873e-05 1
1.75 0.35 0.01097572456799826 6.146418207950986e-05 1
1.75 0.45 0.01081630488152261 9.892902930000792e-05 1
1.75 0.5499999999999999 0.01047887141839974 0.0002915585614917418 0
1.75 0.6499999999999999 0.0103655319174971 0.0002880295812896294 0
1.75 0.7499999999999999 0.01008709004109369 2.379634928318719e-05 0
1.75 0.85 0.01001799542120507 1.815636555195694e-05 0
1.75 0.95 0.01001024710512566 2.407024641712411e-06 0
1.75 1.05 0.01000525284957078 1.675160397864256e-06 0
1.75 1.15 0.01000127885003067 1.661229825388287e-06 0
1.75 1.25 0.01000053435286986 1.143558921879976e-06 0
1.75 1.35 0.01000040761026767 1.067351460517235e-07 0
1.75 1.45 0.009999936530036852 8.772675841782423e-07 0
1.75 1.55 0.01000162317962307 2.735279510877429e-07 1
1.75 1.65 0.01000056810097107 3.829461348731474e-09 1
1.75 1.75 0.01000012593320023 2.676473503440012e-08 1
1.75 1.85 0.01000005601802969 7.470589045561607e-09 1
1.75 1.95 0.01000012964060261 7.971999172074631e-09 1
1.75 2.05 0.01000004765741437 9.56688930559134e-08 1
1.75 2.15 0.01000018232734647 6.727350559224172e-08 1
1.75 2.25 0.01000004711069437 1.852850689572621e-08 1
1.75 2.35 0.009999866379495476 1.070547988680523e-08 1
1.75 2.45 0.00999979090778837 4.434779927021459e-09 1
1.75 2.55 0.01000008579973212 1.791065468135348e-08 0
1.75 2.65 0.009999887137791891 1.489955738947529e-08 0
1.75 2.75 0.009999763888580166 2.576378671294705e-09 0
1.75 2.85 0.009999863311947483 7.011848519132167e-08 0
1.75 2.95 0.0100002481328977 8.309626358699151e-09 0
1.75 3.05 0.009999882848600667 6.259840329513053e-08 0
1.75 3.15 0.01000036626022606 9.883214747076618e-09 0
1.75 3.25 0.009999972420754805 3.472600075341858e-09 0
1.75 3.35 0.01000016248307802 4.475883362175184e-09 0
1.75 3.45 0.01000031143166837 8.21980630310033e-09 0
1.75 3.55 0.01000019714784685 1.217709510179443e-08 0
1.75 3.65 0.01000003797767647 5.164963462040723e-09 0
1.75 3.75 0.009999808302080599 6.167831404413882e-09 0
1.85 0.05 0.01031772318421201 5.280168034283904e-05 1
1.85 0.15 0.01027094227454513 1.325441425567854e-05 1
1.85 0.25 0.01036894808203235 7.890280674213235e-05 1
1.85 0.35 0.01035664196014018 7.880835924167672e-06 1
1.85 0.45 0.01026234748536256 5.468048212438388e-05 1
1.85 0.5499999999999999 0.0102454391432477 8.192578386324986e-05 0
1.85 0.6499999999999999 0.0103625835590082 0.0003716866731920278 0
1.85 0.7499999999999999 0.01014264720262801 0.0001450636702109888 0
1.85 0.85 0.01004218621541906 5.127943615648933e-06 0
1.85 0.95 0.01001192714133892 2.067733131651538e-05 0
1.85 1.05 0.01000563442854897 8.519443281755005e-08 0
1.85 1.15 0.01000309197596451 9.99464023144919e-08 0
1.85 1.25 0.01000116013722575 7.225052698362245e-07 0
1.85 1.35 0.01000125194056224 1.054450590944235e-07 0
1.85 1.45 0.01000075656155687 8.036141384252541e-08 0
1.85 1.55 0.01000045390327088 6.46226879890045e-08 1
1.85 1.65 0.01000058824879048 1.140637340102288e-07 1
1.85 1.75 0.01000034957339281 2.087793829086083e-08 1
1.85 1.85 0.01000006702531721 9.192856178986111e-09 1
1.85 1.95 0.01000009456947794 1.052017127594467e-08 1
1.85 2.05 0.01000000451255247 1.523440388374546e-08 1
1.85 2.15 0.009999918497290001 2.087978699277612e-08 1
1.85 2.25 0.01000019592931225 2.831392331795752e-08 1
1.85 2.35 0.0099999845137765 2.179287506113888e-08 1
1.85 2.45 0.01000014294599851 1.642861463601137e-08 1
1.85 2.55 0.009999642801638804 1.511158724436735e-08 0
1.85 2.65 0.01000023787799321 1.081577681715496e-08 0
1.85 2.75 0.01000035887939234 2.228098927550115e-08 0
1.85 2.85 0.009999832188409958 1.430407663544948e-09 0
1.85 2.95 0.009999712388694921 7.678005533184065e-09 0
1.85 3.05 0.009999842113512476 1.314650097124472e-08 0
1.85 3.15 0.009999870445405751 3.735060471528692e-09 0
1.85 3.25 0.009999516555983096 1.242218155892614e-08 0
1.85 3.35 0.01000014970726028 1.823346288166076e-08 0
1.85 3.45 0.009999982510880873 4.079351756190896e-09 0
1.85 3.55 0.01000025297036501 7.29259048724782e-09 0
1.85 3.65 0.01000008316899738 7.270102830524511e-09 0
1.85 3.75 0.01000017577597192 7.688274838306267e-09 0
1.95 0.05 0.01011532755524104 2.414106922273005e-05 1
1.95 0.15 0.01011685720618916 7.189014241411384e-06 1
1.95 0.25 0.01015530235295655 4.60194152944692e-06 1
1.95 0.35 0.01014286500437265 2.032397517779832e-05 1
1.95 0.45 0.0101113031018696 1.389627174542188e-05 1
1.95 0.5499999999999999 0.01011837612616207 2.756811495932888e-05 0
1.95 0.6499999999999999 0.01024281402850168 0.0001235161978915981 0
1.95 0.7499999999999999 0.01019293047845375 9.255050835764454e-05 0
1.95 0.85 0.01005888544825291 2.274809702992965e-05 0
1.95 0.95 0.0100171156524601 1.167561264947688e-05 0
1.95 1.05 0.01000428156786682 7.911608565402874e-06 0
1.95 1.15 0.01000355790455444 1.302891321898698e-06 0
1.95 1.25 0.01000173723770871 1.150093347426706e-09 0
1.95 1.35 0.01000079307335668 3.062730767006171e-05 0
1.95 1.45 0.01000034543646734 1.654586734522691e-07 0
1.95 1.55 0.01000118394804574 4.828814708665543e-08 1
1.95 1.65 0.01000002359094822 3.023193344107047e-07 1
1.95 1.75 0.01000020317346241 9.105648257133799e-09 1
1.95 1.85 0.01000012338307656 1.815262542900019e-08 1
1.95 1.95 0.009999901290318153 3.387080530072416e-08 1
1.95 2.05 0.009999984830653692 5.206278550683354e-09 1
1.95 2.15 0.01000013395152579 1.184037073958128e-09 1
1.95 2.25 0.009999831758229622 1.304063667152376e-08 1
1.95 2.35 0.009999981734236347 1.046472032976951e-08 1
1.95 2.45 0.01000010552585863 1.880200501624646e-08 1
1.95 2.55 0.01000011067455433 2.208954823766913e-09 0
1.95 2.65 0.01000017632994656 1.004177597466487e-08 0
1.95 2.75 0.009999905933672299 2.461039045078934e-10 0
1.95 2.85 0.01000035351093999 9.282243814626092e-09 0
1.95 2.95 0.01000069291979301 1.262664353967757e-08 0
1.95 3.05 0.01000040866488362 2.965597066474565e-09 0
1.95 3.15 0.009999939119208396 2.774996127461669e-08 0
1.95 3.25 0.01000015680088197 7.271684319279742e-09 0
1.95 3.35 0.009999731989197475 4.429655997121628e-09 0
1.95 3.45 0.009999517609440862 5.065862538556405e-09 0
1.95 3.55 0.01000002854473849 1.214622709932347e-08 0
1.95 3.65 0.009999905047188524 1.779292625898365e-08 0
1.95 3.75 0.009999860973164094 2.582927942640573e-09 0
2.05 0.05 0.01003799196643538 7.35638511729845e-06 1
2.05 0.15 0.01005432538393743 1.459250731712849e-05 1
2.05 0.25 0.01008061134068021 2.050238697269494e-06 1
2.05 0.35 0.01005458456338866 3.338773586352127e-06 1
2.05 0.45 0.01004420735839115 3.672843953242363e-06 1
2.05 0.5499999999999999 0.01004162264094841 7.193053133166703e-06 0
2.05 0.6499999999999999 0.01019433146443342 0.0001703822939482399 0
2.05 0.7499999999999999 0.01014690585739373 0.0002007005374334684 0
2.05 0.85 0.01009188456300384 2.842989861220418e-05 0
2.05 0.95 0.01003514180293816 2.17575577944748e-05 0
2.05 1.05 0.0100060828775922 1.246150580225417e-06 0
2.05 1.15 0.01000230311375162 1.761006090347641e-05 0
2.05 1.25 0.01000120387150773 2.424547178236042e-06 0
2.05 1.35 0.01000260806323951 3.58820012178553e-06 0
2.05 1.45 0.01000021239730188 5.398383524908281e-09 0
2.05 1.55 0.01000479693125612 7.178728918334397e-07 1
2.05 1.65 0.01000018113581249 5.669643244546066e-08 1
2.05 1.75 0.01000005191304311 4.773857782846593e-09 1
2.05 1.85 0.01000009121716929 2.164371459140495e-08 1
2.05 1.95 0.01000002925178535 2.660110533169219e-08 1
2.05 2.05 0.00999999875591286 9.631475937806283e-09 1
2.05 2.15 0.00999992627349457 2.541079966790582e-08 1
2.05 2.25 0.01000012354832748 8.993757297367588e-09 1
2.05 2.35 0.009999991219623045 2.601148376847741e-08 1
2.05 2.45 0.009999993195887531 1.452686910541206e-08 1
2.05 2.55 0.01000009555009797 1.044008975807538e-08 0
2.05 2.65 0.00999995912368647 1.231484942783289e-08 0
2.05 2.75 0.009999799679125804 5.400878171847875e-09 0
2.05 2.85 0.009999652992445224 1.659446772749807e-10 0
2.05 2.95 0.009999550321467727 1.021217255482991e-08 0
2.05 3.05 0.00999950083347358 1.490017647313843e-08 0
2.05 3.15 0.01000014524731143 7.798305533697384e-09 0
2.05 3.25 0.01000032089985638 2.803795746644194e-09 0
2.05 3.35 0.01000018462825793 1.564075961078965e-08 0
2.05 3.45 0.01000032967788712 3.528563648861485e-09 0
2.05 3.55 0.01000006320800097 1.113859178847047e-08 0
2.05 3.65 0.009999885819394056 1.373577427077567e-08 0
2.05 3.75 0.01000004260740596 8.054023545891553e-09 0
2.15 0.05 0.01001493296582423 4.375427465743752e-08 1
2.15 0.15 0.01002367603727504 7.795774604364276e-06 1
2.15 0.25 0.01004453551667037 7.180318946870307e-06 1
2.15 0.35 0.01002518198625834 2.711820785327277e-06 1
2.15 0.45 0.01001844390183548 2.542336535753935e-06 1
2.15 0.5499999999999999 0.01001367279374732 7.051307988514384e-05 0
2.15 0.6499999999999999 0.0101055058043227 6.149123619071342e-05 0
2.15 0.7499999999999999 0.01009798188741276 0.0002230172757525687 0
2.15 0.85 0.01010493032889006 0.0001040698323982683 0
2.15 0.95 0.01002934783194985 2.243386411017086e-05 0
2.15 1.05 0.01000725497566591 5.793242492137486e-06 0
2.15 1.15 0.01000114179235169 6.71985884878514e-06 0
2.15 1.25 0.01000094405875331 6.444458027776183e-06 0
2.15 1.35 0.01000023554021169 4.588885305197536e-06 0
2.15 1.45 0.01000053895768062 1.124679309922915e-05 0
2.15 1.55 0.01000239756307821 9.590496608264829e-09 1
2.15 1.65 0.01000054974323618 8.694440139252359e-07 1
2.15 1.75 0.01000006909517083 1.424871443350457e-09 1
2.15 1.85 0.009999948716505575 2.152124218593084e-08 1
2.15 1.95 0.01000007759158862 1.750073659288923e-07 1
2.15 2.05 0.009999989628273771 1.258882063364058e-08 1
2.15 2.15 0.01000012834918764 1.17267778650964e-08 1
2.15 2.25 0.009999850644345405 7.113543035736188e-09 1
2.15 2.35 0.01000015017410107 2.848351466997227e-09 1
2.15 2.45 0.009999852722178421 1.19212146052058e-08 1
2.15 2.55 0.01000024962753855 2.07212791914207e-08 0
2.15 2.65 0.01000010945421849 5.734263400367604e-09 0
2.15 2.75 0.009999952868391521 1.403349109814618e-08 0
2.15 2.85 0.009999292814307243 2.158769445254215e-08 0
2.15 2.95 0.01000055619906405 1.200662233532206e-09 0
2.15 3.05 0.01000003894610714 2.073929556268952e-08 0
2.15 3.15 0.01000004288280167 1.322442977256179e-08 0
2.15 3.25 0.009999634011923181 1.003379865821369e-08 0
2.15 3.35 0.009999708951376935 4.615894596214432e-09 0
2.15 3.45 0.009999944059597827 8.117582795084021e-09 0
2.15 3.55 0.01000022608995068 6.109102391429941e-09 0
2.15 3.65 0.009999865969522976 4.549796246578709e-09 0
2.15 3.75 0.009999877617215564 6.275911391244096e-09 0
2.25 0.05 0.010006217956971 1.747048702384719e-07 1
2.25 0.15 0.01001155445495583 1.378169698947488e-06 1
2.25 0.25 0.01002144496162726 2.068039486955233e-05 1
2.25 0.35 0.01000970640231514 1.293417696783286e-06 1
2.25 0.45 0.01000794504575409 8.799831665521095e-07 1
2.25 0.5499999999999999 0.010009859054542 1.691244616427798e-06 0
2.25 0.6499999999999999 0.01006260510607555 5.725313750832694e-05 0
2.25 0.7499999999999999 0.01006850086345118 0.0001050824998741662 0
2.25 0.85 0.01007642108852785 0.0001099389868763628 0
2.25 0.95 0.01003639815861188 3.024869763505169e-05 0
2.25 1.05 0.01001553605410576 2.472166983841778e-05 0
2.25 1.15 0.01000242041721634 1.637102824105162e-05 0
2.25 1.25 0.01000007655204684 1.095827202240466e-08 0
2.25 1.35 0.01000042423668702 5.710806065627263e-09 0
2.25 1.45 0.01000007955509532 4.394894248997218e-09 0
2.25 1.55 0.01000192035459037 5.574531334424176e-07 1
2.25 1.65 0.01000092643756702 2.565454488431854e-08 1
2.25 1.75 0.01000033048053396 1.708960587480103e-08 1
2.25 1.85 0.01000013138358881 3.077712214836092e-09 1
2.25 1.95 0.009999898233978972 4.027689043268585e-10 1
2.25 2.05 0.01000003813064922 1.806704623503814e-08 1
2.25 2.15 0.009999880617226471 9.866876139713461e-09 1
2.25 2.25 0.01000000448733531 1.392297072013827e-08 1
2.25 2.35 0.009999843252278002 9.918993402828804e-09 1
2.25 2.45 0.01000011874397501 2.77908432494853e-08 1
2.25 2.55 0.009999932134839757 2.147137199646715e-08 0
2.25 2.65 0.009999788783738101 7.650855386433041e-10 0
2.25 2.75 0.0100001490634979 1.668259279969524e-08 0
2.25 2.85 0.01000047741771994 6.396284081068464e-09 0
2.25 2.95 0.01000012742559577 4.579550448012719e-09 0
2.25 3.05 0.009999827582661287 6.12461159376125e-09 0
2.25 3.15 0.01000017064485505 7.603540504585485e-09 0
2.25 3.25 0.01000031788508395 5.600903350865485e-09 0
2.25 3.35 0.01000004560888414 1.623321194102833e-08 0
2.25 3.45 0.009999957445782432 5.142862926100564e-09 0
2.25 3.55 0.00999945167971163 2.211299656163455e-09 0
2.25 3.65 0.01000005129342498 5.734720890447368e-09 0
2.25 3.75 0.01000004360758368 2.023086185229202e-08 0
2.35 0.05 0.01000191137850649 4.491285981969027e-07 1
2.35 0.15 0.01000567703673439 2.14240188186906e-06 1
2.35 0.25 0.01000701170187369 1.554454276420331e-06 1
2.35 0.35 0.01000234348748265 1.242409277708717e-07 1
2.35 0.45 0.01000596460895821 5.00863254740836e-07 1
2.35 0.5499999999999999 0.01000421318930534 2.393666582536222e-06 0
2.35 0.6499999999999999 0.01003115796972818 3.074854388562389e-05 0
2.35 0.7499999999999999 0.01006119950305668 6.134153560080949e-05 0
2.35 0.85 0.01003768727832064 0.0001267520531299811 0
2.35 0.95 0.01002930010496837 0.0001601647795785037 0
2.35 1.05 0.01001680413265815 2.138713617433646e-05 0
2.35 1.15 0.0100091384626927 1.251567971005175e-08 0
2.35 1.25 0.01000137814278602 1.841654834019644e-08 0
2.35 1.35 0.009999858846442184 6.753941365462524e-07 0
2.35 1.45 0.0100005464951073 2.229558331209693e-05 0
2.35 1.55 0.01000043989020639 1.300100701892242e-07 1
2.35 1.65 0.01000046049139471 2.742706872728572e-09 1
2.35 1.75 0.01000018208469968 2.360814111476002e-07 1
2.35 1.85 0.009999881514890636 1.478799169511573e-08 1
2.35 1.95 0.009999973252214151 9.70497588907308e-09 1
2.35 2.05 0.01000008886266159 8.39250581491459e-09 1
2.35 2.15 0.01000008604680915 1.099308697270096e-08 1
2.35 2.25 0.0100000219108415 6.851927015803553e-09 1
2.35 2.35 0.01000004679532353 2.664137815629643e-08 1
2.35 2.45 0.009999898124011825 8.640938141779867e-09 1
2.35 2.55 0.009999629423660967 7.371246841318527e-09 0
2.35 2.65 0.0099999094131006 3.228327638080718e-09 0
2.35 2.75 0.01000020367426714 2.196559815944104e-09 0
2.35 2.85 0.00999959750659642 9.178776991309514e-09 0
2.35 2.95 0.009999990051739478 1.562613371020884e-08 0
2.35 3.05 0.009999961540636666 8.757817155122733e-09 0
2.35 3.15 0.009999903119514503 8.549816108318551e-10 0
2.35 3.25 0.01000013140247504 1.874607972011336e-08 0
2.35 3.35 0.01000014754065916 5.101674534656597e-09 0
2.35 3.45 0.01000007300552909 9.336664480694847e-09 0
2.35 3.55 0.01000023788114447 1.019618056984902e-08 0
2.35 3.65 0.009999989599471921 1.013195545831126e-08 0
2.35 3.75 0.009999978830425822 1.443493206339911e-08 0
2.45 0.05 0.01000090552926793 4.176354148517613e-09 1
2.45 0.15 0.01000213476033153 4.656797011346582e-07 1
2.45 0.25 0.01000326497677108 4.823074512249536e-07 1
2.45 0.35 0.01000095764924737 2.805114037030305e-07 1
2.45 0.45 0.01000338736506436 1.210967303335179e-07 1
2.45 0.5499999999999999 0.01000166781992164 1.205484953683477e-06 0
2.45 0.6499999999999999 0.01001872907516754 4.801746906800937e-09 0
2.45 0.7499999999999999 0.01004260648647257 5.138751910264137e-05 0
2.45 0.85 0.01001857316777743 6.303667260741358e-05 0
2.45 0.95 0.01002860093494161 6.091603459109266e-05 0
2.45 1.05 0.01000664490339588 1.978288648381045e-05 0
2.45 1.15 0.01001275449670003 1.361739064795406e-05 0
2.45 1.25 0.01000357860265368 2.602371418296608e-06 0
2.45 1.35 0.01000005741682188 1.337064154151072e-08 0
2.45 1.45 0.01000031634762578 7.343233585740414e-08 0
2.45 1.55 0.01000017760912954 1.747846025862541e-08 1
2.45 1.65 0.009999961354431836 1.070323338736766e-07 1
2.45 1.75 0.01000032149639608 4.436074301405985e-08 1
2.45 1.85 0.01000007619071454 5.576436199686507e-08 1
2.45 1.95 0.01000006096732577 2.495492595560854e-08 1
2.45 2.05 0.00999998582268859 5.525134775775354e-09 1
2.45 2.15 0.009999901938183915 4.731420392950395e-09 1
2.45 2.25 0.0100001186347717 1.112219440845904e-08 1
2.45 2.35 0.01000007520512782 5.197138526013706e-09 1
2.45 2.45 0.009999986074934814 9.146525411511864e-09 1
2.45 2.55 0.0100004161221149 7.674303595274139e-10 0
2.45 2.65 0.01000017857724402 1.14035854022443e-08 0
2.45 2.75 0.01000047207986711 7.909236133576994e-09 0
2.45 2.85 0.00999993004049728 2.110491273669978e-09 0
2.45 2.95 0.01000086638306343 9.513726998862798e-09 0
2.45 3.05 0.009999969186644937 4.490054304097261e-09 0
2.45 3.15 0.009999731317514322 1.608940668223114e-08 0
2.45 3.25 0.009999581557384691 3.020527170448234e-08 0
2.45 3.35 0.0100000942260904 9.285297561434988e-09 0
2.45 3.45 0.01000019106354046 1.440275283497292e-08 0
2.45 3.55 0.01000024604928797 5.350061460325866e-09 0
2.45 3.65 0.009999796462232386 1.271108377352815e-08 0
2.45 3.75 0.01000030592442215 7.643823317045086e-09 0
2.55 0.05 0.01000031212116838 3.821218259191725e-08 0
2.55 0.15 0.009999530419933084 1.543656879116877e-07 0
2.55 0.25 0.01000081494046569 3.080692307448887e-07 0
2.55 0.35 0.01000012438751043 1.519590087584846e-07 0
2.55 0.45 0.009999713554468177 4.35356035313461e-07 0
2.55 0.5499999999999999 0.01000241051765428 9.745479292406842e-09 0
2.55 0.6499999999999999 0.01001002113029215 1.731916273991017e-05 0
2.55 0.7499999999999999 0.01001538572836635 3.030030888925165e-05 0
2.55 0.85 0.0100212972740371 6.507175432010096e-05 0
2.55 0.95 0.01001716520007234 0.0001163775417059418 0
2.55 1.05 0.01000798576235751 5.559239527313283e-05 0
2.55 1.15 0.01000262145220589 1.796735795263565e-05 0
2.55 1.25 0.01000374810939121 3.093919178626167e-05 0
2.55 1.35 0.01000121584878201 5.319240589217058e-06 0
2.55 1.45 0.009999829729189575 2.682311803212225e-08 0
2.55 1.55 0.01000004406138601 7.058480727348961e-09 0
2.55 1.65 0.01000057009842394 1.205689825747718e-08 0
2.55 1.75 0.009999930037125754 1.280601729310882e-08 0
2.55 1.85 0.009999775922744054 1.246677351479652e-08 0
2.55 1.95 0.009999991570084039 1.164036394114446e-08 0
2.55 2.05 0.01000004920834443 9.04973832877286e-09 0
2.55 2.15 0.01000033114214872 2.294093214804299e-08 0
2.55 2.25 0.009999558555190764 1.405343003147546e-08 0
2.55 2.35 0.009999648100994424 7.376473259861502e-09 0
2.55 2.45 0.009999818589328986 1.055925368763614e-08 0
2.55 2.55 0.01000010021953614 1.674815216166397e-08 0
2.55 2.65 0.009999907915734813 8.449177021623618e-10 0
2.55 2.75 0.01000019204186544 1.093914930107238e-08 0
2.55 2.85 0.009999957812877231 7.577419904769249e-09 0
2.55 2.95 0.009998868206431272 1.550292060523058e-08 0
2.55 3.05 0.01000025654013527 2.012492575774298e-09 0
2.55 3.15 0.009999926376420238 2.250066867431453e-08 0
2.55 3.25 0.01000033551715575 6.223060445149948e-10 0
2.55 3.35 0.009999950186817447 1.889918734837665e-08 0
2.55 3.45 0.009999915321775039 1.222197639035876e-08 0
2.55 3.55 0.00999916901978239 2.292554664385954e-09 0
2.55 3.65 0.01000013639686572 9.833158442053653e-09 0
2.55 3.75 0.009999992048066137 1.275576679672674e-08 0
2.65 0.05 0.009999940806928582 5.3207133188308e-08 0
2.65 0.15 0.01000011144821102 6.917140911381455e-08 0
2.65 0.25 0.01000008251496766 2.048165507975104e-09 0
2.65 0.35 0.01000091548411731 1.990534923108654e-08 0
2.65 0.45 0.01000001415758036 2.070086972008014e-08 0
2.65 0.5499999999999999 0.01000147044528944 2.111235786681047e-08 0
2.65 0.6499999999999999 0.01000625311223814 3.240576822033687e-05 0
2.65 0.7499999999999999 0.01000301092122825 3.041709255878115e-05 0
2.65 0.85 0.01001190822386333 7.16787745417215e-05 0
2.65 0.95 0.01000680863154159 8.227543412768034e-06 0
2.65 1.05 0.01000689647616738 4.052393686792738e-05 0
2.65 1.15 0.01000088578786475 4.064034367751797e-09 0
2.65 1.25 0.01000265913829125 4.823845908087775e-07 0
2.65 1.35 0.0100002166924439 9.315145301814066e-09 0
2.65 1.45 0.01000027277163142 9.452079167358015e-09 0
2.65 1.55 0.01000002816194425 1.360851304616472e-08 0
2.65 1.65 0.01000022846070849 3.328585148062526e-07 0
2.65 1.75 0.009999166738528093 1.989444943453456e-08 0
2.65 1.85 0.009999927747327182 1.345435440428217e-10 0
2.65 1.95 0.01000084070289432 1.062573627964587e-08 0
2.65 2.05 0.009999975602341355 4.428490404992073e-09 0
2.65 2.15 0.0100000379316866 1.239027221956602e-08 0
2.65 2.25 0.01000038584641118 1.50367574254135e-08 0
2.65 2.35 0.009999710429831627 1.257451852497605e-08 0
2.65 2.45 0.01000036783179738 6.466906383331975e-09 0
2.65 2.55 0.01000066531512601 1.352120227350906e-08 0
2.65 2.65 0.009999812075215293 1.058229193531823e-08 0
2.65 2.75 0.009999457557061792 4.625324077026215e-09 0
2.65 2.85 0.01000046766772712 3.883714611048986e-10 0
2.65 2.95 0.00999961601359502 9.519081462741726e-09 0
2.65 3.05 0.010000268039161 1.464097006513711e-08 0
2.65 3.15 0.01000000948261061 6.157229159771067e-09 0
2.65 3.25 0.00999996624419865 7.893272232880177e-09 0
2.65 3.35 0.01000003434785825 6.399985263153204e-09 0
2.65 3.45 0.01000019527668585 6.905022951046352e-09 0
2.65 3.55 0.009999701694785163 1.194283340222603e-08 0
2.65 3.65 0.009999892175671338 8.884783392673036e-09 0
2.65 3.75 0.01000036366611624 4.089668947463973e-09 0
2.75 0.05 0.01000016809723605 1.26584218080584e-07 0
2.75 0.15 0.009999733704795805 1.607278437512272e-07 0
2.75 0.25 0.01000054073582447 5.697860593887772e-08 0
2.75 0.35 0.009999609533974625 1.194174849977609e-07 0
2.75 0.45 0.009999990794917441 3.956118461495395e-08 0
2.75 0.5499999999999999 0.01000062497323086 1.932974631609107e-07 0
2.75 0.6499999999999999 0.01000182250490113 4.573768672957614e-06 0
2.75 0.7499999999999999 0.01000021179386636 8.563083380391052e-09 0
2.75 0.85 0.01000941554283997 2.170183909090662e-08 0
2.75 0.95 0.01000312122474924 6.588832065430723e-06 0
2.75 1.05 0.01000175424733442 7.496931475634878e-06 0
2.75 1.15 0.01000079286031465 3.382171643349092e-05 0
2.75 1.25 0.01000145226234807 2.659660887519558e-06 0
2.75 1.35 0.01000127250205964 1.544462114466665e-08 0
2.75 1.45 0.01000016904710734 1.643442073230628e-08 0
2.75 1.55 0.009999757376022562 2.935254584445796e-08 0
2.75 1.65 0.009999837731364498 4.461886788783124e-09 0
2.75 1.75 0.01000015200933348 9.94639157016427e-09 0
2.75 1.85 0.01000009642618295 3.175968523588659e-09 0
2.75 1.95 0.01000003755344338 7.247699985388139e-10 0
2.75 2.05 0.01000065897769588 5.843102547567984e-09 0
2.75 2.15 0.009999682133600491 1.511651447499874e-08 0
2.75 2.25 0.01000004973732573 1.049751543598474e-08 0
2.75 2.35 0.009999877953927556 2.141349633610689e-08 0
2.75 2.45 0.01000021457546709 1.400523540332312e-08 0
2.75 2.55 0.009999622031756989 2.090059945058782e-08 0
2.75 2.65 0.009999815428397913 1.570037585569363e-08 0
2.75 2.75 0.009999713979536157 1.111263688109427e-08 0
2.75 2.85 0.009999944695061064 9.320929033676587e-09 0
2.75 2.95 0.009999999975712232 3.178680131209661e-09 0
2.75 3.05 0.01000017008268074 6.136886276434042e-09 0
2.75 3.15 0.009999833861773628 1.104115740247586e-08 0
2.75 3.25 0.009999968614267236 2.88678248140256e-08 0
2.75 3.35 0.01000009852371932 5.934665334184896e-09 0
2.75 3.45 0.01000020156272953 1.148233936184783e-08 0
2.75 3.55 0.01000012335764979 7.036098980838849e-09 0
2.75 3.65 0.009999399124101988 1.742310441718004e-08 0
2.75 3.75 0.01000005974708231 2.61382968057082e-08 0
2.85 0.05 0.0100002020890463 8.960727364746177e-08 0
2.85 0.15 0.01000002053175976 1.060078942044314e-08 0
2.85 0.25 0.009999920156215442 3.242394255771692e-07 0
2.85 0.35 0.01000022778048461 1.462108673472877e-06 0
2.85 0.45 0.009999882964195312 1.737650112989335e-07 0
2.85 0.5499999999999999 0.01000007238120006 2.125233894906938e-09 0
2.85 0.6499999999999999 0.01000047580520359 4.671517950523456e-06 0
2.85 0.7499999999999999 0.01000041732412939 4.192777303904825e-09 0
2.85 0.85 0.01000169045351441 6.330370978152237e-06 0
2.85 0.95 0.01000524119426472 7.412626131488192e-09 0
2.85 1.05 0.01000216716591552 5.536717614966227e-06 0
2.85 1.15 0.01000031698453853 2.606247558962361e-09 0
2.85 1.25 0.009999935122878018 2.874932061975592e-06 0
2.85 1.35 0.01000113987725783 1.840221394723979e-06 0
2.85 1.45 0.009999823551976168 1.383565335763391e-08 0
2.85 1.55 0.01000007712344044 5.652392390618544e-08 0
2.85 1.65 0.01000033401458168 1.206552719685546e-08 0
2.85 1.75 0.00999985029108132 1.217262956951193e-08 0
2.85 1.85 0.01000005601797639 1.459140878938226e-08 0
2.85 1.95 0.01000035135046375 5.159634573748045e-08 0
2.85 2.05 0.009999801751185661 8.840453891266795e-09 0
2.85 2.15 0.009999423250925194 7.029207209090362e-09 0
2.85 2.25 0.009999625020534215 1.12707848510856e-08 0
2.85 2.35 0.01000030488485905 8.280483144128433e-09 0
2.85 2.45 0.009999826065574386 1.987012117815554e-08 0
2.85 2.55 0.0100001620175091 1.331126615006232e-08 0
2.85 2.65 0.01000011546777614 3.940418259698245e-08 0
2.85 2.75 0.01000043111529138 1.09298127937392e-08 0
2.85 2.85 0.0100000260800114 1.083433156314377e-08 0
2.85 2.95 0.01000003993635858 1.058236209108946e-08 0
2.85 3.05 0.009999695746338095 1.585044326035485e-08 0
2.85 3.15 0.01000009684964156 1.989727308277272e-08 0
2.85 3.25 0.009999612355117055 1.398748591438286e-08 0
2.85 3.35 0.009999912617744262 1.211983045980325e-08 0
2.85 3.45 0.009999799139280303 5.765212261875062e-09 0
2.85 3.55 0.0100000577868974 1.247363822076366e-08 0
2.85 3.65 0.01000048887299045 2.108253279669825e-08 0
2.85 3.75 0.00999996842754371 6.353801618441805e-09 0
2.95 0.05 0.01000038398383353 4.012692421263739e-09 0
2.95 0.15 0.01000017974506719 1.379591904261784e-07 0
2.95 0.25 0.009999951400864977 2.765000988392927e-09 0
2.95 0.35 0.01000021190580171 8.942133813175663e-09 0
2.95 0.45 0.009999367119381337 1.670234508118762e-08 0
2.95 0.5499999999999999 0.010000156028959 3.86762371973105e-06 0
2.95 0.6499999999999999 0.01000060057484532 1.037598126747722e-08 0
2.95 0.7499999999999999 0.01000144282614514 1.276132311393199e-05 0
2.95 0.85 0.00999999021871702 2.599652316146064e-09 0
2.95 0.95 0.01000438721957465 1.727563837087013e-06 0
2.95 1.05 0.009999827530489686 2.351190094674114e-07 0
2.95 1.15 0.01000021212916792 2.90946866393748e-06 0
2.95 1.25 0.01000020558008487 4.357017015837802e-07 0
2.95 1.35 0.01000006093070084 1.962205531064638e-06 0
2.95 1.45 0.009999566002421151 1.287019213027731e-08 0
2.95 1.55 0.01000006474769024 1.794246757385047e-08 0
2.95 1.65 0.009999636973362275 7.098146669085187e-09 0
2.95 1.75 0.01000011874982633 4.256612095264059e-09 0
2.95 1.85 0.009999749644134543 2.904336067620661e-08 0
2.95 1.95 0.009999865255004754 9.5778344261134e-09 0
2.95 2.05 0.009999959833653666 8.310177861498799e-09 0
2.95 2.15 0.01000035964644098 2.649079689708003e-08 0
2.95 2.25 0.01000033796004431 2.160087015184052e-08 0
2.95 2.35 0.01000035571484105 2.714626086614555e-10 0
2.95 2.45 0.009999233049221918 9.311688805049383e-09 0
2.95 2.55 0.009999988750860073 1.26324921854722e-08 0
2.95 2.65 0.009999088416347352 1.733786072851379e-08 0
2.95 2.75 0.00999955619413186 1.399402946310035e-08 0
2.95 2.85 0.009999796039164583 1.964851649034979e-10 0
2.95 2.95 0.009999852720359432 2.716197583223637e-09 0
2.95 3.05 0.009999952517863026 1.246209420316733e-08 0
2.95 3.15 0.01000006655811049 1.106848835477677e-08 0
2.95 3.25 0.01000005604722233 1.658063350518084e-08 0
2.95 3.35 0.0100003154155678 7.168937857217999e-10 0
2.95 3.45 0.01000034002839158 1.205443394730379e-09 0
2.95 3.55 0.01000017273755973 3.350542734450415e-09 0
2.95 3.65 0.01000016109371473 1.078815214055287e-08 0
2.95 3.75 0.009999854298766171 9.46215732260878e-09 0
3.05 0.05 0.009999586683478019 1.735660778726382e-08 0
3.05 0.15 0.009999955726212168 1.966095536921368e-08 0
3.05 0.25 0.01000067744834666 7.591034499782762e-09 0
3.05 0.35 0.009999930671349095 1.922678715261152e-08 0
3.05 0.45 0.009999886174224887 1.328777067188431e-08 0
3.05 0.5499999999999999 0.009999980529873515 2.091645292037943e-08 0
3.05 0.6499999999999999 0.009999797710741238 1.066725278658929e-08 0
3.05 0.7499999999999999 0.009999704011499095 1.595143988815845e-08 0
3.05 0.85 0.01000081931031062 1.965586683602207e-07 0
3.05 0.95 0.01000359086121051 2.437021835788688e-09 0
3.05 1.05 0.009999920322734685 4.7065498047694e-07 0
3.05 1.15 0.009999937850381575 1.586717517740381e-08 0
3.05 1.25 0.0100001496452299 1.914255480101522e-08 0
3.05 1.35 0.009999988413249245 8.334170765658707e-09 0
3.05 1.45 0.01000036956368135 5.6200229045276e-09 0
3.05 1.55 0.009999948655331398 1.662811813142694e-08 0
3.05 1.65 0.0100001027488338 4.999602885146578e-09 0
3.05 1.75 0.009999949566215211 1.024909898587883e-08 0
3.05 1.85 0.00999982216532715 4.019303042721131e-09 0
3.05 1.95 0.01000006398213373 5.507113243189048e-09 0
3.05 2.05 0.01000043963153686 1.238996734481669e-09 0
3.05 2.15 0.01000018199489063 1.624955373402225e-08 0
3.05 2.25 0.009999303061264304 9.434884112557415e-09 0
3.05 2.35 0.01000044376457566 9.924239655295032e-09 0
3.05 2.45 0.009999971579966033 7.335073116897044e-09 0
3.05 2.55 0.01000004681220247 9.31916654691275e-10 0
3.05 2.65 0.01000004388653565 2.049035142019762e-08 0
3.05 2.75 0.0100004690134702 4.347275651354524e-09 0
3.05 2.85 0.01000000575357931 6.144172325561212e-09 0
3.05 2.95 0.01000006518820542 1.003958686062836e-08 0
3.05 3.05 0.01000008289178269 1.049118325060142e-08 0
3.05 3.15 0.01000029782039448 8.636713457703854e-09 0
3.05 3.25 0.01000061456267133 6.437010105665247e-09 0
3.05 3.35 0.01000001069369163 5.389390936794466e-10 0
3.05 3.45 0.01000006767370877 8.148183085696605e-09 0
3.05 3.55 0.009999871410742007 8.221815146946313e-09 0
3.05 3.65 0.01000017208006611 1.756400209282503e-09 0
3.05 3.75 0.01000007013950878 2.072947956733437e-10 0
3.15 0.05 0.01000011551303061 1.121126394447198e-08 0
3.15 0.15 0.009999601322875269 6.039718756066191e-08 0
3.15 0.25 0.009999671033100416 3.586596934765326e-09 0
3.15 0.35 0.01000009946350446 1.314504734761543e-08 0
3.15 0.45 0.0100000819186198 1.518335715891106e-07 0
3.15 0.5499999999999999 0.009999825119149226 9.726114132353967e-09 0
3.15 0.6499999999999999 0.009999997109418363 2.217785740837134e-08 0
3.15 0.7499999999999999 0.009999922013581259 2.843740256121362e-09 0
3.15 0.85 0.009999789001135757 5.203650352066448e-09 0
3.15 0.95 0.01000069621564904 5.620482594878099e-06 0
3.15 1.05 0.009999857348070979 1.334665178299539e-08 0
3.15 1.15 0.01000001548874664 5.365727555007622e-09 0
3.15 1.25 0.009999794856576334 1.059113184319302e-08 0
3.15 1.35 0.009999540729876206 2.203787338160235e-08 0
3.15 1.45 0.01000000015655602 1.806351366022388e-08 0
3.15 1.55 0.009999799708016472 1.961902126595389e-08 0
3.15 1.65 0.009999804750287073 4.930781411973598e-09 0
3.15 1.75 0.01000006689100332 1.112770627171656e-08 0
3.15 1.85 0.009999662734117582 1.459798206754616e-08 0
3.15 1.95 0.01000028258574005 6.172306441468956e-09 0
3.15 2.05 0.00999988532972353 1.485800500615543e-08 0
3.15 2.15 0.009999903885401413 7.539785449454559e-09 0
3.15 2.25 0.01000001002892205 4.584290174518391e-09 0
3.15 2.35 0.01000013941553903 9.468659911930659e-09 0
3.15 2.45 0.009999937806676091 3.196205875545413e-09 0
3.15 2.55 0.01000044417138625 7.077736485850258e-09 0
3.15 2.65 0.009999973211631503 1.059594423111755e-08 0
3.15 2.75 0.009999930266684349 6.398113286417427e-09 0
3.15 2.85 0.01000040041392992 3.858830874435652e-10 0
3.15 2.95 0.01000029739245946 7.462072402243071e-09 0
3.15 3.05 0.009999789346839667 3.102126606492647e-09 0
3.15 3.15 0.009999994025666443 1.416218431321163e-08 0
3.15 3.25 0.009999439515784875 2.327064190064861e-09 0
3.15 3.35 0.01000004532556588 1.427097283590979e-08 0
3.15 3.45 0.01000016083972767 2.365788898933327e-09 0
3.15 3.55 0.009999823948860471 2.873691824340872e-09 0
3.15 3.65 0.00999981227152404 2.824620010982813e-09 0
3.15 3.75 0.009999462260250742 1.324777077153894e-08 0
3.25 0.05 0.0100000953176901 1.533038007731595e-08 0
3.25 0.15 0.01000001958286902 1.401092516963835e-06 0
3.25 0.25 0.01000017576285174 1.677022492805331e-08 0
3.25 0.35 0.00999983266325501 7.082459010820805e-09 0
3.25 0.45 0.009999765470344219 2.160991620388367e-08 0
3.25 0.5499999999999999 0.01000058976006514 1.06669276197677e-08 0
3.25 0.6499999999999999 0.00999954398274085 6.963103283369051e-10 0
3.25 0.7499999999999999 0.01000004810057988 2.012152056540822e-08 0
3.25 0.85 0.01000042533875657 1.964620363127247e-08 0
3.25 0.95 0.009999732452855032 2.164891628274658e-08 0
3.25 1.05 0.009999554408246642 1.371213791943014e-08 0
3.25 1.15 0.01000031150221105 3.351174900548238e-09 0
3.25 1.25 0.01000008787732 1.124677470149975e-08 0
3.25 1.35 0.01000054787507722 8.437580409030883e-09 0
3.25 1.45 0.01000040584876118 4.141576060070643e-09 0
3.25 1.55 0.01000002024592974 2.701782763925493e-08 0
3.25 1.65 0.01000030613031257 7.909760437132143e-09 0
3.25 1.75 0.009999607867684408 8.868570741318666e-10 0
3.25 1.85 0.01000020455488894 5.728014585410746e-09 0
3.25 1.95 0.0100002169028285 1.130956052463124e-09 0
3.25 2.05 0.009999449564372615 1.277612923151778e-08 0
3.25 2.15 0.00999989202190989 2.295835213552695e-08 0
3.25 2.25 0.009999927561200512 8.193712043934437e-09 0
3.25 2.35 0.009999958275973459 1.248825040865992e-08 0
3.25 2.45 0.01000019638196349 1.244065525638303e-08 0
3.25 2.55 0.009999591793235969 1.889139959373586e-09 0
3.25 2.65 0.01000021004923881 8.134732450945626e-09 0
3.25 2.75 0.01000030465404635 7.279860328749506e-10 0
3.25 2.85 0.01000004680906898 5.426020310185355e-09 0
3.25 2.95 0.009999983922779027 1.23477449409335e-08 0
3.25 3.05 0.009999109886287844 1.698201911563181e-08 0
3.25 3.15 0.01000018296571938 7.381627706205047e-09 0
3.25 3.25 0.01000068955854573 9.538546571448364e-09 0
3.25 3.35 0.0099999778991068 9.673197301228185e-09 0
3.25 3.45 0.01000011110940293 4.176925111168238e-09 0
3.25 3.55 0.00999972988324473 8.802254529406501e-09 0
3.25 3.65 0.01000018432040463 3.003548328457274e-09 0
3.25 3.75 0.01000004916603871 1.764610046195352e-09 0
3.35 0.05 0.009999924775958253 8.333478095323737e-09 0
3.35 0.15 0.01000030244607032 1.940300572720587e-08 0
3.35 0.25 0.009999844709160616 1.5091806671874e-08 0
3.35 0.35 0.009999824077383441 8.715077311396289e-10 0
3.35 0.45 0.0100002154411888 1.925630100849511e-08 0
3.35 0.5499999999999999 0.009999548083719962 1.584039982850006e-08 0
3.35 0.6499999999999999 0.009999883659482695 5.530838623670095e-08 0
3.35 0.7499999999999999 0.009999793483864611 1.791885804902295e-08 0
3.35 0.85 0.009999890764494385 2.256243296031068e-08 0
3.35 0.95 0.01000032068735081 8.81322172475121e-09 0
3.35 1.05 0.01000017721733272 2.118853781196883e-08 0
3.35 1.15 0.009999947407430061 2.391500189404871e-08 0
3.35 1.25 0.009999558432359241 5.60495898104391e-09 0
3.35 1.35 0.01000007394942472 1.412319643907547e-09 0
3.35 1.45 0.009999401705247952 1.494227610293954e-08 0
3.35 1.55 0.01000006784554288 1.987356142199566e-08 0
3.35 1.65 0.01000011220646315 1.695509835287701e-08 0
3.35 1.75 0.009999946893100149 8.621945530382334e-09 0
3.35 1.85 0.01000036422616958 4.890848639363073e-09 0
3.35 1.95 0.009999435006957786 7.934083149001108e-09 0
3.35 2.05 0.009999747233934504 1.276107929496279e-08 0
3.35 2.15 0.01000003559292452 1.549698931703492e-08 0
3.35 2.25 0.009999906329671977 7.261202335977014e-09 0
3.35 2.35 0.009999384247511362 1.062222252103324e-08 0
3.35 2.45 0.01000020407579484 4.593482141147753e-09 0
3.35 2.55 0.01000015894456454 1.497370770858427e-08 0
3.35 2.65 0.0100000054734052 5.87994948171011e-10 0
3.35 2.75 0.00999985850217357 1.210561536733084e-08 0
3.35 2.85 0.009999777738070609 1.345663010931168e-08 0
3.35 2.95 0.01000022691210547 2.125512824438193e-08 0
3.35 3.05 0.009999944397521294 2.656316806108319e-08 0
3.35 3.15 0.01000063449470247 6.453436546730616e-09 0
3.35 3.25 0.009999730995958207 9.67759096605989e-09 0
3.35 3.35 0.009999753898356407 1.588216711563217e-08 0
3.35 3.45 0.009999617150395896 7.037642704293276e-10 0
3.35 3.55 0.01000020467206455 5.517359105305119e-09 0
3.35 3.65 0.009999951344444331 8.524800560146984e-09 0
3.35 3.75 0.01000014686789953 7.669917547569247e-09 0
3.45 0.05 0.009999968254707742 1.583900492176987e-08 0
3.45 0.15 0.009999824412773823 8.678873482609676e-09 0
3.45 0.25 0.009999645775704242 2.454982276355858e-08 0
3.45 0.35 0.01000026633934738 5.64895294083725e-09 0
3.45 0.45 0.009999942015455194 1.758601308725379e-08 0
3.45 0.5499999999999999 0.0100004943354547 7.859680862699938e-09 0
3.45 0.6499999999999999 0.009999953043526095 2.000213124998211e-08 0
3.45 0.7499999999999999 0.009999571912331934 6.111304943500647e-10 0
3.45 0.85 0.01000044268739998 1.055900326162257e-08 0
3.45 0.95 0.009999475720985491 7.373198994287283e-09 0
3.45 1.05 0.01000001128851892 1.470677680068472e-08 0
3.45 1.15 0.01000016546811424 6.939052074801663e-09 0
3.45 1.25 0.01000042892362586 7.182650950093984e-09 0
3.45 1.35 0.01000017483861328 2.165207801750704e-08 0
3.45 1.45 0.009999675115314095 6.992969718763036e-09 0
3.45 1.55 0.009999780701715939 3.283275342723715e-09 0
3.45 1.65 0.01000022361261856 1.276830913507767e-08 0
3.45 1.75 0.01000013541198954 1.330233711476146e-08 0
3.45 1.85 0.0100001457102762 1.48541705565541e-08 0
3.45 1.95 0.01000019387961317 6.164947730623084e-09 0
3.45 2.05 0.01000000133265701 1.611266390161589e-09 0
3.45 2.15 0.01000022788071732 7.253370648806375e-09 0
3.45 2.25 0.009999685400622699 1.195687873239245e-10 0
3.45 2.35 0.01000079293725577 1.889787017105814e-09 0
3.45 2.45 0.00999982965042236 9.401159279102722e-09 0
3.45 2.55 0.009999908077294468 8.41672940486587e-09 0
3.45 2.65 0.009999801486053745 1.065192433699355e-08 0
3.45 2.75 0.009999674954528932 1.843056244182452e-08 0
3.45 2.85 0.009999782655914519 1.505756041182953e-08 0
3.45 2.95 0.009999776423925372 9.658873819868769e-09 0
3.45 3.05 0.009999885771066492 8.129077010881282e-11 0
3.45 3.15 0.01000002787771294 1.889047262920034e-08 0
3.45 3.25 0.009999669961992769 9.561725189704582e-10 0
3.45 3.35 0.009999996088116209 8.655081176781682e-09 0
3.45 3.45 0.01000024871368467 4.322518085947326e-09 0
3.45 3.55 0.01000006365562868 9.410493424218525e-09 0
3.45 3.65 0.009999436331992091 4.841510268934667e-09 0
3.45 3.75 0.01000054924116313 6.196389749651389e-09 0
3.55 0.05 0.009999955142760659 7.457044755996127e-09 0
3.55 0.15 0.01000049109728408 1.879676773523531e-09 0
3.55 0.25 0.00999991016207304 8.756099432817489e-09 0
3.55 0.35 0.0100003203408582 1.285565903318681e-08 0
3.55 0.45 0.01000019560295286 2.115538707051084e-08 0
3.55 0.5499999999999999 0.009999813469982261 2.229356389872204e-08 0
3.55 0.6499999999999999 0.009999476818038606 2.190477207952579e-08 0
3.55 0.7499999999999999 0.01000076163249787 1.183687729327859e-08 0
3.55 0.85 0.009999867870274532 9.692374247453345e-09 0
3.55 0.95 0.0099996083681765 6.061310969900358e-12 0
3.55 1.05 0.01000011219149201 1.895344202496204e-09 0
3.55 1.15 0.0100000490398783 2.21186578346243e-08 0
3.55 1.25 0.01000006233226771 1.039622546470176e-08 0
3.55 1.35 0.009999588572701019 7.121785434326146e-09 0
3.55 1.45 0.01000039165992263 6.655877303995284e-09 0
3.55 1.55 0.01000016373531367 8.541855861431579e-09 0
3.55 1.65 0.009999405228964382 4.748531892180705e-09 0
3.55 1.75 0.01000009260934988 4.409356077105752e-09 0
3.55 1.85 0.009999949136450543 1.09572318102595e-08 0
3.55 1.95 0.01000020989788965 1.317127310632009e-08 0
3.55 2.05 0.01000051747883703 9.883173538935969e-09 0
3.55 2.15 0.01000019908289986 1.059586709393734e-08 0
3.55 2.25 0.01000007858363063 7.950029814300186e-09 0
3.55 2.35 0.009999835269557739 6.045161416630645e-09 0
3.55 2.45 0.009999976848096854 7.82602710021944e-09 0
3.55 2.55 0.01000026937456923 1.529953710829288e-08 0
3.55 2.65 0.01000029522320801 1.291977892227928e-08 0
3.55 2.75 0.009999892644075321 1.001952844350917e-08 0
3.55 2.85 0.01000018071932076 4.356500130481216e-09 0
3.55 2.95 0.01000035127838629 2.186018328602141e-10 0
3.55 3.05 0.009999798897209051 2.090745682764067e-08 0
3.55 3.15 0.01000023670987872 1.472542353318597e-08 0
3.55 3.25 0.01000010093762129 6.993046206898907e-09 0
3.55 3.35 0.01000014878883761 2.431613916151958e-08 0
3.55 3.45 0.01000005877442391 1.128333575757345e-09 0
3.55 3.55 0.009999735494933621 2.657887953183805e-08 0
3.55 3.65 0.01000005175766873 1.308022284180441e-08 0
3.55 3.75 0.009999963855897537 9.831663811098e-09 0
3.65 0.05 0.009999517884626958 5.961364263688523e-09 0
3.65 0.15 0.01000050269502196 6.65034414147688e-09 0
3.65 0.25 0.00999983052705446 6.027461545670989e-10 0
3.65 0.35 0.009999643170129819 7.387995263673363e-09 0
3.65 0.45 0.01000007236925584 1.354200124028727e-08 0
3.65 0.5499999999999999 0.009999975284970337 9.552039129873778e-09 0
3.65 0.6499999999999999 0.009999981299764333 2.463324808023884e-08 0
3.65 0.7499999999999999 0.009999737463460296 2.206890585401544e-08 0
3.65 0.85 0.01000029195492459 6.281989013651594e-09 0
3.65 0.95 0.01000060689138906 2.079134609510181e-08 0
3.65 1.05 0.01000010479631954 1.631244736112337e-08 0
3.65 1.15 0.01000035155259184 9.3132698342831e-09 0
3.65 1.25 0.009999863802580795 5.2388167767167e-09 0
3.65 1.35 0.01000036351508683 1.059200140196586e-08 0
3.65 1.45 0.01000002251412426 7.814719207710476e-10 0
3.65 1.55 0.01000005866593824 8.940005746768896e-09 0
3.65 1.65 0.009999655622053755 5.933830542905786e-09 0
3.65 1.75 0.01000022011370718 9.692965092966675e-10 0
3.65 1.85 0.0099997570938767 1.632497784966933e-08 0
3.65 1.95 0.009999344503243041 9.849382323684109e-09 0
3.65 2.05 0.01000001960485676 2.917326247493344e-09 0
3.65 2.15 0.01000056714245247 1.688478323492598e-08 0
3.65 2.25 0.01000013433113324 6.947137862554527e-09 0
3.65 2.35 0.01000027924932269 7.557674923310924e-09 0
3.65 2.45 0.009999745250987364 7.940108820499367e-09 0
3.65 2.55 0.009999978354802725 2.383407444977177e-08 0
3.65 2.65 0.009999771616265325 3.001767298064239e-10 0
3.65 2.75 0.01000038227656631 6.493409889090722e-10 0
3.65 2.85 0.00999985034694419 1.649776699724981e-08 0
3.65 2.95 0.0100003103467229 2.438844470664728e-08 0
3.65 3.05 0.009999568247960017 9.254818751186687e-10 0
3.65 3.15 0.01000000332608821 2.25786973983563e-08 0
3.65 3.25 0.009999996138991069 8.034698833065708e-09 0
3.65 3.35 0.009999913796250443 1.473336931844605e-09 0
3.65 3.45 0.009999992294553412 1.737205710277438e-08 0
3.65 3.55 0.009999806925954719 1.157215654565672e-08 0
3.65 3.65 0.01000056496180747 7.785468463793711e-10 0
3.65 3.75 0.009999691479461465 3.517383972397291e-08 0
3.75 0.05 0.01000013369101595 1.266431627279715e-08 0
3.75 0.15 0.00999992294687559 1.260159548747042e-08 0
3.75 0.25 0.01000045112921967 2.438040058471463e-09 0
3.75 0.35 0.01000011232671185 6.88367621355801e-09 0
3.75 0.45 0.009999040418634881 1.120497658352573e-08 0
3.75 0.5499999999999999 0.010000138525062 1.570243442952749e-08 0
3.75 0.6499999999999999 0.0100001421098105 1.343242395869188e-09 0
3.75 0.7499999999999999 0.009999848103082205 1.988694361303802e-08 0
3.75 0.85 0.009999808992930643 1.304742379088225e-08 0
3.75 0.95 0.009999752792108869 1.474161317745035e-08 0
3.75 1.05 0.009999934021224139 1.051322085499337e-08 0
3.75 1.15 0.009999657576287863 1.75748647300292e-08 0
3.75 1.25 0.01000037106403141 1.611472032015058e-08 0
3.75 1.35 0.009999368957473682 9.409391141258699e-09 0
3.75 1.45 0.009999905608087407 1.111854171607383e-08 0
3.75 1.55 0.01000007579815389 1.494243215527273e-08 0
3.75 1.65 0.009999936340474708 1.101961904906128e-08 0
3.75 1.75 0.01000031548636272 1.33417639753642e-08 0
3.75 1.85 0.01000022840977679 9.754707601494899e-09 0
3.75 1.95 0.009999571104547873 5.418677069945874e-09 0
3.75 2.05 0.01000042598677155 6.208508112470088e-09 0
3.75 2.15 0.009999506194806291 1.034115688887935e-09 0
3.75 2.25 0.0100006269281613 3.037237354578206e-09 0
3.75 2.35 0.009999470738926281 1.074960571411923e-08 0
3.75 2.45 0.01000001694777155 1.952198897103408e-09 0
3.75 2.55 0.009999966784729825 1.281393874994199e-08 0
3.75 2.65 0.01000029066473175 1.244421922112817e-08 0
3.75 2.75 0.009999664135897608 9.787864998520205e-09 0
3.75 2.85 0.009999841892885403 1.155240676510947e-08 0
3.75 2.95 0.009999964532863576 1.502261085615684e-08 0
3.75 3.05 0.0100004431918498 2.710662034901838e-09 0
3.75 3.15 0.009999921902725934 5.286061419564338e-11 0
3.75 3.25 0.009999874018501349 1.859730376775597e-08 0
3.75 3.35 0.009999919512556094 2.473388394068521e-09 0
3.75 3.45 0.009999630935429455 1.377851983460313e-08 0
3.75 3.55 0.01000064410190817 6.160531454880172e-09 0
3.75 3.65 0.009999790831952144 2.155955266032287e-08 0
3.75 3.75 0.01000003802974505 1.299317006586421e-09 0
