# ct=2 Nx=38
# x_cm y_cm T_keV E_over_aTkeV4 aluminum
0.05 0.05 0.04992144603202291 0.03120451959572656 0
0.05 0.15 0.04755997724007197 0.02828375050389695 0
0.05 0.25 0.04349103752862055 0.02332620914373644 0
0.05 0.35 0.03763955131599553 0.0179659967831677 0
0.05 0.45 0.0312382433647158 0.01487307681322735 0
0.05 0.5499999999999999 0.026285727447869 0.009579359212736243 0
0.05 0.6499999999999999 0.02161318751701519 0.00772622970939047 0
0.05 0.7499999999999999 0.0188522388822238 0.004723262250564209 0
0.05 0.85 0.01688995046297926 0.003685899601488625 0
0.05 0.95 0.01530832156557219 0.003937030746012638 0
0.05 1.05 0.01399826486948908 0.003294704770759111 0
0.05 1.15 0.01295597547845989 0.002632407704356385 0
0.05 1.25 0.01207277718267568 0.002182072327450577 0
0.05 1.35 0.01143255317558014 0.002220167472172721 0
0.05 1.45 0.01095983920605864 0.001283232387977332 0
0.05 1.55 0.0106270539943551 0.001238990756998916 0
0.05 1.65 0.01041894122636237 0.0005396877995567405 0
0.05 1.75 0.01025451372035878 0.000580420531720997 0
0.05 1.85 0.01012403157183117 0.0004057828293580273 0
0.05 1.95 0.01005676781576577 0.0002703833281518426 0
0.05 2.05 0.01002306376577222 8.717224279551897e-05 0
0.05 2.15 0.01001178297510619 0.0001072531358795293 0
0.05 2.25 0.01000431625740162 1.504407464083072e-05 0
0.05 2.35 0.0100015763019853 1.816875066262924e-06 0
0.05 2.45 0.01000066984107363 5.099738887995924e-06 0
0.05 2.55 0.009999644978286999 1.792887077402847e-08 0
0.05 2.65 0.01000003208326973 1.121983456414343e-08 0
0.05 2.75 0.009999914697559693 1.196833640843672e-08 0
0.05 2.85 0.01000027587471365 6.722611253829282e-09 0
0.05 2.95 0.009999579471842285 6.801833871183073e-09 0
0.05 3.05 0.009999990238857354 1.447729303847789e-08 0
0.05 3.15 0.01000008416458855 1.371021020728077e-08 0
0.05 3.25 0.009999923358812741 4.336006297949348e-09 0
0.05 3.35 0.009999727164530587 9.29910981245234e-09 0
0.05 3.45 0.009999821111585167 1.041447156316722e-08 0
0.05 3.55 0.009999873584746983 1.270192176962741e-08 0
0.05 3.65 0.009999853232870354 4.249962195044365e-09 0
0.05 3.75 0.01000016001530981 2.732015621751124e-09 0
0.15 0.05 0.04750146102631307 0.02630535270111279 0
0.15 0.15 0.04534774905154824 0.02593359189803017 0
0.15 0.25 0.04253737433581152 0.02017676386796621 0
0.15 0.35 0.03701570570919997 0.01573355212293847 0
0.15 0.45 0.03125510082834701 0.01234271198303781 0
0.15 0.5499999999999999 0.02535361236871779 0.007778489419229062 0
0.15 0.6499999999999999 0.0209644201972135 0.006856557078429281 0
0.15 0.7499999999999999 0.01826750008580488 0.00526015381694729 0
0.15 0.85 0.01648291532545562 0.004318019235783285 0
0.15 0.95 0.01518152970618197 0.002770217809234808 0
0.15 1.05 0.0138869369233421 0.003248646201828014 0
0.15 1.15 0.01272310479986556 0.00276779599020548 0
0.15 1.25 0.01198865665801066 0.001837957014657017 0
0.15 1.35 0.01146338432119886 0.001735886490691426 0
0.15 1.45 0.011087063212098 0.001047383503710745 0
0.15 1.55 0.0107930077329248 0.001319163776024317 0
0.15 1.65 0.01053116240537481 0.0007172836178834115 0
0.15 1.75 0.01029501404748628 0.0006748743736938958 0
0.15 1.85 0.01019906774078586 0.0006401838640455466 0
0.15 1.95 0.01011680075291866 0.0003333330895478639 0
0.15 2.05 0.01006190003351699 0.0003163292440194878 0
0.15 2.15 0.01002049485709888 2.400764603394479e-05 0
0.15 2.25 0.01000457878634776 6.507036131433946e-05 0
0.15 2.35 0.01000060178016028 1.892962223938685e-05 0
0.15 2.45 0.0099998019122657 1.513390192686225e-08 0
0.15 2.55 0.01000017582956815 5.719661071955947e-09 0
0.15 2.65 0.009999992097004768 1.240590489583024e-08 0
0.15 2.75 0.01000010866945246 7.216631307249758e-09 0
0.15 2.85 0.009999887943380376 1.065306905684925e-08 0
0.15 2.95 0.009999951384653944 9.597395695974364e-09 0
0.15 3.05 0.01000022903986832 1.339849404859266e-08 0
0.15 3.15 0.009999822375754381 2.121468648953641e-09 0
0.15 3.25 0.01000029380400193 6.633643467203539e-09 0
0.15 3.35 0.01000028142883792 7.160153786914355e-09 0
0.15 3.45 0.01000018072066368 1.151931743538434e-08 0
0.15 3.55 0.009999890113267757 7.370920730821161e-09 0
0.15 3.65 0.01000002968032078 8.673228365714318e-09 0
0.15 3.75 0.01000018972664364 4.532726778100004e-09 0
0.25 0.05 0.04437489343388096 0.02294205772872007 0
0.25 0.15 0.04222625684447255 0.02201821483027838 0
0.25 0.25 0.03892561316177641 0.01793349758034974 0
0.25 0.35 0.03340835174895877 0.01363735167680031 0
0.25 0.45 0.02865116161110461 0.01030854872243073 0
0.25 0.5499999999999999 0.02415620764848532 0.008203859420669066 0
0.25 0.6499999999999999 0.02065173739825767 0.008013491884223898 0
0.25 0.7499999999999999 0.01811082668327613 0.004480544888600718 0
0.25 0.85 0.01630096677734154 0.004337665414322534 0
0.25 0.95 0.01459913384690334 0.003638902588043127 0
0.25 1.05 0.01337447311243242 0.003157424758456754 0
0.25 1.15 0.012620589513135 0.002220858219024699 0
0.25 1.25 0.01198093613722976 0.001688304009420246 0
0.25 1.35 0.01138857306688752 0.001425553787442548 0
0.25 1.45 0.01085301345251437 0.001472930091362567 0
0.25 1.55 0.01054695061361957 0.0006828317250690192 0
0.25 1.65 0.01038874113938011 0.0006349897482302696 0
0.25 1.75 0.01025866389522565 0.0006930318924656481 0
0.25 1.85 0.01014108509717147 0.0005873159256406864 0
0.25 1.95 0.01007988085831762 0.0001549661230450547 0
0.25 2.05 0.0100546608961883 0.0001660270263635893 0
0.25 2.15 0.0100224672264032 5.675461790084669e-05 0
0.25 2.25 0.0100099082076609 5.451453348177791e-05 0
0.25 2.35 0.009999900212069552 1.13667470932943e-05 0
0.25 2.45 0.01000017610101324 1.322282517639621e-08 0
0.25 2.55 0.01000013770286813 9.814493300610753e-09 0
0.25 2.65 0.009999948571547752 1.497641157760561e-08 0
0.25 2.75 0.0100001537624982 1.273340815147072e-08 0
0.25 2.85 0.009999861327728472 1.861296780429291e-08 0
0.25 2.95 0.009999976018474261 1.793828862587223e-08 0
0.25 3.05 0.01000025162185793 7.307270004607014e-09 0
0.25 3.15 0.01000003355290659 2.07413029571136e-08 0
0.25 3.25 0.01000005364674607 1.127781847296617e-08 0
0.25 3.35 0.009999995252006361 1.170277817548481e-08 0
0.25 3.45 0.009999918554549087 2.359177053580587e-08 0
0.25 3.55 0.01000007135790483 1.093642451848936e-08 0
0.25 3.65 0.01000000981207151 1.818954387473164e-08 0
0.25 3.75 0.009999680496058833 1.609264346105663e-08 0
0.35 0.05 0.03877161942763885 0.01727858411784738 0
0.35 0.15 0.03725142896747433 0.01626641281789058 0
0.35 0.25 0.03305677494275255 0.01525197188043276 0
0.35 0.35 0.02961478194305882 0.009986896252634251 0
0.35 0.45 0.02526368208392023 0.009642790838648786 0
0.35 0.5499999999999999 0.02231594486463953 0.007862851505787277 0
0.35 0.6499999999999999 0.01978574618424534 0.006258083754889233 0
0.35 0.7499999999999999 0.01760001955119258 0.00463874847657312 0
0.35 0.85 0.0157844681316367 0.003834643337540064 0
0.35 0.95 0.0144454866781626 0.002952735515628525 0
0.35 1.05 0.01350323443263397 0.003581990189581337 0
0.35 1.15 0.01239336068918635 0.002402094939762588 0
0.35 1.25 0.01169800004328423 0.001493400110211682 0
0.35 1.35 0.01133030563510853 0.001244585128859022 0
0.35 1.45 0.01090421750219372 0.001554341711605921 0
0.35 1.55 0.01053990558849452 0.0007994550277684707 0
0.35 1.65 0.01033529361747677 0.000871067017345158 0
0.35 1.75 0.01018497353322484 0.000521095844428673 0
0.35 1.85 0.01009396399429055 0.0002433625151247347 0
0.35 1.95 0.01005184578216552 0.0001635456703749117 0
0.35 2.05 0.0100222596262901 0.0001022353967266848 0
0.35 2.15 0.01001015289780638 1.141134055501054e-05 0
0.35 2.25 0.01000439317146785 5.158481444154768e-05 0
0.35 2.35 0.01000089481894818 4.181943472169244e-06 0
0.35 2.45 0.01000004534393341 8.295798658130169e-09 0
0.35 2.55 0.009999727763535877 7.871735840886217e-09 0
0.35 2.65 0.009999978197598697 5.669828750038662e-09 0
0.35 2.75 0.009999888358209436 1.266086098433575e-08 0
0.35 2.85 0.009999891269736456 9.106739816488386e-09 0
0.35 2.95 0.01000025283680785 4.48610694790787e-09 0
0.35 3.05 0.009999861762026403 3.360426593126677e-09 0
0.35 3.15 0.01000002220572739 1.474830676367673e-08 0
0.35 3.25 0.010000011068812 1.040544518938059e-08 0
0.35 3.35 0.0100001449008046 4.462339279107263e-09 0
0.35 3.45 0.009999948882676652 2.465690166112647e-09 0
0.35 3.55 0.009999720913193361 7.01390684281764e-09 0
0.35 3.65 0.01000024337382101 7.550235253874151e-09 0
0.35 3.75 0.01000010023495137 9.803154932852267e-09 0
0.45 0.05 0.0320604488732739 0.01129668268541537 0
0.45 0.15 0.03112126593503183 0.01346994496142758 0
0.45 0.25 0.02816872339408522 0.009297888057614653 0
0.45 0.35 0.02555239014738853 0.008707367425620702 0
0.45 0.45 0.02281135663827724 0.007092589470912929 0
0.45 0.5499999999999999 0.02024641261076097 0.006298997805619314 0
0.45 0.6499999999999999 0.01799624645423105 0.004254425781204829 0
0.45 0.7499999999999999 0.01649774813066192 0.004741323421041795 0
0.45 0.85 0.01523566916151853 0.003421729832418816 0
0.45 0.95 0.01405471528974551 0.003156333284024974 0
0.45 1.05 0.01275336811059939 0.002650630178664594 0
0.45 1.15 0.01218576659604248 0.002423392762213461 0
0.45 1.25 0.0116487073819325 0.002175112148572248 0
0.45 1.35 0.01107481741690058 0.0009613308083090551 0
0.45 1.45 0.01078304040402124 0.001075896892930889 0
0.45 1.55 0.01051595656245402 0.001052940162688201 0
0.45 1.65 0.01032195208355116 0.0008720199035477476 0
0.45 1.75 0.01018081192399162 0.0006799241790545561 0
0.45 1.85 0.01011247969893293 0.0003876955178852264 0
0.45 1.95 0.01004520519599036 0.0001571374668277908 0
0.45 2.05 0.01001446181605969 0.0001570985617741118 0
0.45 2.15 0.01000387849705277 0.0001007455091632478 0
0.45 2.25 0.01000000035393058 6.197233322126257e-09 0
0.45 2.35 0.01000003362615289 9.491077280346452e-09 0
0.45 2.45 0.01000008327040604 1.780346669097014e-08 0
0.45 2.55 0.01000007598900567 8.263260445422725e-09 0
0.45 2.65 0.009999799368448099 5.833415605097424e-09 0
0.45 2.75 0.0100000575691125 9.557092956893232e-09 0
0.45 2.85 0.009999967634055768 1.930432469674158e-08 0
0.45 2.95 0.009999825235386912 1.361715410982548e-08 0
0.45 3.05 0.01000016913999304 1.285905816639491e-08 0
0.45 3.15 0.01000016318748877 5.691876955378275e-09 0
0.45 3.25 0.009999704423976258 1.749354218458627e-08 0
0.45 3.35 0.009999931851709793 3.793770306817687e-09 0
0.45 3.45 0.01000015284244129 9.001389640145366e-09 0
0.45 3.55 0.0100001473892425 8.140768535503019e-09 0
0.45 3.65 0.01000014813722729 3.096063590412736e-09 0
0.45 3.75 0.01000010956383392 6.545314661135629e-09 0
0.5499999999999999 0.05 0.02597334331108906 0.0104185899840094 0
0.5499999999999999 0.15 0.02542035058409134 0.009623786920798882 0
0.5499999999999999 0.25 0.02376455669123092 0.007882418715546017 0
0.5499999999999999 0.35 0.02147233098961697 0.007776285715059742 0
0.5499999999999999 0.45 0.02026131661863414 0.005886785651212575 0
0.5499999999999999 0.5499999999999999 0.05297725409802491 0.003824543486992268 1
0.5499999999999999 0.6499999999999999 0.04053423748932007 0.002162947898653796 1
0.5499999999999999 0.7499999999999999 0.0341227064830547 0.001421420137539589 1
0.5499999999999999 0.85 0.02938000255185609 0.0006611712743795044 1
0.5499999999999999 0.95 0.02395997070656091 0.0007925009427275813 1
0.5499999999999999 1.05 0.02072040163525964 0.0006802961801095893 1
0.5499999999999999 1.15 0.01687561473924584 0.0005190600148153189 1
0.5499999999999999 1.25 0.01490629779150787 0.0003371388206984023 1
0.5499999999999999 1.35 0.01296161265883927 0.0002740119431185017 1
0.5499999999999999 1.45 0.01240638912999075 0.0003521909971300151 1
0.5499999999999999 1.55 0.01016302429286538 0.0001687436091316635 0
0.5499999999999999 1.65 0.01015641175327217 0.0002662715058050499 0
0.5499999999999999 1.75 0.01009572446908583 0.0002204327398442981 0
0.5499999999999999 1.85 0.01005133072148164 0.0002641626334051342 0
0.5499999999999999 1.95 0.01004016158707497 0.0001161646757169724 0
0.5499999999999999 2.05 0.01001594933662331 8.94529702391358e-05 0
0.5499999999999999 2.15 0.01000417801448762 8.907086732770942e-05 0
0.5499999999999999 2.25 0.01000071277592753 6.522075961693702e-09 0
0.5499999999999999 2.35 0.01000066914810262 3.394955584798537e-09 0
0.5499999999999999 2.45 0.009999881344189849 8.343438593024837e-06 0
0.5499999999999999 2.55 0.0100002324416414 1.991196417592249e-08 0
0.5499999999999999 2.65 0.01000036364122948 1.250578286212563e-09 0
0.5499999999999999 2.75 0.009999812465196673 7.031393378911684e-09 0
0.5499999999999999 2.85 0.009999772938969049 9.375903672346028e-09 0
0.5499999999999999 2.95 0.009999779669308002 8.507657605788495e-09 0
0.5499999999999999 3.05 0.009999875307379686 1.153309938832783e-08 0
0.5499999999999999 3.15 0.00999997629786677 8.979595772543192e-09 0
0.5499999999999999 3.25 0.009999860220404461 1.448764933011295e-08 0
0.5499999999999999 3.35 0.01000026413860468 1.216705126987881e-08 0
0.5499999999999999 3.45 0.01000005157300933 1.459031503389835e-08 0
0.5499999999999999 3.55 0.009999798824513424 1.478240705241679e-08 0
0.5499999999999999 3.65 0.009999828030349395 1.29190811978642e-08 0
0.5499999999999999 3.75 0.009999830187855569 6.025293975548855e-09 0
0.6499999999999999 0.05 0.02195159888448045 0.006640935197867509 0
0.6499999999999999 0.15 0.02123195305939873 0.006372344671689044 0
0.6499999999999999 0.25 0.02031963015403539 0.006856982473869445 0
0.6499999999999999 0.35 0.01925974438584729 0.005643386230755758 0
0.6499999999999999 0.45 0.01797434731944462 0.004898114706050177 0
0.6499999999999999 0.5499999999999999 0.04047760328496459 0.001546218486709432 1
0.6499999999999999 0.6499999999999999 0.01817036998223948 0.0006485402287930295 1
0.6499999999999999 0.7499999999999999 0.01401476320413064 0.000474284034660142 1
0.6499999999999999 0.85 0.0126218221190883 0.0003087412428379467 1
0.6499999999999999 0.95 0.01167272740439419 0.0001253991772938781 1
0.6499999999999999 1.05 0.01094676504596455 6.981349852433723e-05 1
0.6499999999999999 1.15 0.01057472502696299 4.747033215256924e-05 1
0.6499999999999999 1.25 0.01034594359773445 1.793715079989763e-05 1
0.6499999999999999 1.35 0.01023140098560339 7.170585566354542e-05 1
0.6499999999999999 1.45 0.01012624015966468 4.339994874866856e-05 1
0.6499999999999999 1.55 0.01002339413371499 3.851760305648102e-05 0
0.6499999999999999 1.65 0.0100305898330758 4.876905276920817e-05 0
0.6499999999999999 1.75 0.0100423191180182 8.041735175493135e-05 0
0.6499999999999999 1.85 0.0100347090457019 0.0001223790317600838 0
0.6499999999999999 1.95 0.01001726677088454 6.245159040795254e-06 0
0.6499999999999999 2.05 0.01000891798876025 5.347439097040524e-05 0
0.6499999999999999 2.15 0.01000704681967391 1.380004948612553e-05 0
0.6499999999999999 2.25 0.01000871369579016 5.774229774141584e-06 0
0.6499999999999999 2.35 0.01000504881078669 9.91357752078957e-09 0
0.6499999999999999 2.45 0.01000020618366961 1.35952483551509e-05 0
0.6499999999999999 2.55 0.009999947336986854 1.845216875488041e-08 0
0.6499999999999999 2.65 0.01000001213609338 9.424381672857732e-09 0
0.6499999999999999 2.75 0.0100001660104644 7.341691357469691e-09 0
0.6499999999999999 2.85 0.01000025796867789 1.495628170020571e-08 0
0.6499999999999999 2.95 0.01000011464113783 1.238723227345985e-08 0
0.6499999999999999 3.05 0.01000009687714311 1.55734734383221e-08 0
0.6499999999999999 3.15 0.01000020013938809 7.452345674973861e-09 0
0.6499999999999999 3.25 0.00999971162780668 6.428362246086562e-09 0
0.6499999999999999 3.35 0.009999912467858824 1.316054945726921e-08 0
0.6499999999999999 3.45 0.009999959320751945 4.981618822582882e-09 0
0.6499999999999999 3.55 0.01000023149374542 1.139582231121038e-08 0
0.6499999999999999 3.65 0.01000015876799111 9.349767425795165e-09 0
0.6499999999999999 3.75 0.009999899647745853 1.296526291668409e-08 0
0.7499999999999999 0.05 0.01904525806803511 0.005529367000308088 0
0.7499999999999999 0.15 0.01856831494288168 0.004919585613584528 0
0.7499999999999999 0.25 0.0180141055557993 0.004407618287584535 0
0.7499999999999999 0.35 0.01706839348935735 0.005374835688787066 0
0.7499999999999999 0.45 0.01599656227485892 0.003737885612892961 0
0.7499999999999999 0.5499999999999999 0.03452130647690858 0.001219157562828782 1
0.7499999999999999 0.6499999999999999 0.0141404078943985 0.0003767163924220651 1
0.7499999999999999 0.7499999999999999 0.01135422929309648 0.0001789923890065068 1
0.7499999999999999 0.85 0.01069502201073634 5.955443982584514e-05 1
0.7499999999999999 0.95 0.0104274213133914 0.0001067278061354637 1
0.7499999999999999 1.05 0.01031143803799521 2.486195985635985e-05 1
0.7499999999999999 1.15 0.0101900553449678 7.485007768445428e-05 1
0.7499999999999999 1.25 0.01013590672769426 2.488564572553854e-05 1
0.7499999999999999 1.35 0.0100619975032435 1.18699366111246e-05 1
0.7499999999999999 1.45 0.01003816032255554 6.376357421654972e-06 1
0.7499999999999999 1.55 0.01000528624080544 6.419424967613505e-06 0
0.7499999999999999 1.65 0.0100025732643806 3.744600209954427e-06 0
0.7499999999999999 1.75 0.01000675881710989 9.752508312191046e-06 0
0.7499999999999999 1.85 0.01000326544216947 2.113541440487021e-05 0
0.7499999999999999 1.95 0.010015729500641 2.793257769341572e-05 0
0.7499999999999999 2.05 0.0100049299844548 3.303735668467601e-05 0
0.7499999999999999 2.15 0.01000013583975758 5.15669781532286e-09 0
0.7499999999999999 2.25 0.009999630129876497 6.205620505841294e-09 0
0.7499999999999999 2.35 0.009999983735767732 4.633018664906775e-09 0
0.7499999999999999 2.45 0.01000012193494073 1.187519761320867e-08 0
0.7499999999999999 2.55 0.009999850684416462 1.427071489980117e-08 0
0.7499999999999999 2.65 0.0100003171334221 7.470665251945057e-09 0
0.7499999999999999 2.75 0.009999887411798487 1.470833080277216e-08 0
0.7499999999999999 2.85 0.009999816597244266 1.204784299189617e-08 0
0.7499999999999999 2.95 0.010000107359066 1.131520448680633e-08 0
0.7499999999999999 3.05 0.009999477453544476 8.652751334039926e-09 0
0.7499999999999999 3.15 0.01000021145374732 1.342623158775705e-08 0
0.7499999999999999 3.25 0.009999965180260379 5.166854495352327e-09 0
0.7499999999999999 3.35 0.01000020909137036 1.529699127521402e-08 0
0.7499999999999999 3.45 0.00999981444135813 3.263005580847634e-09 0
0.7499999999999999 3.55 0.01000004262308054 2.333695833790186e-09 0
0.7499999999999999 3.65 0.01000003434276011 6.287485832253447e-09 0
0.7499999999999999 3.75 0.01000006306313196 1.015733352041912e-08 0
0.85 0.05 0.0167164400811944 0.004325088774942488 0
0.85 0.15 0.01650800346345821 0.004177701185926274 0
0.85 0.25 0.01629986611621131 0.004259910335007874 0
0.85 0.35 0.01552744222117967 0.00336672172442943 0
0.85 0.45 0.01477048453603593 0.002992371464480894 0
0.85 0.5499999999999999 0.02867999615117933 0.001205306625699333 1
0.85 0.6499999999999999 0.01219073045984069 0.0001943112015511257 1
0.85 0.7499999999999999 0.01073922076282213 6.600835945688541e-05 1
0.85 0.85 0.01034384582310844 5.242250385509155e-05 1
0.85 0.95 0.01017966266280762 1.681228845735146e-05 1
0.85 1.05 0.01008736892341537 1.866712525847426e-05 1
0.85 1.15 0.01007355455116659 1.042175800449033e-05 1
0.85 1.25 0.01003513005500221 1.34224166994529e-05 1
0.85 1.35 0.01002845621367908 1.691820706451808e-05 1
0.85 1.45 0.01001205311680365 9.616380356418225e-07 1
0.85 1.55 0.01000255233839255 1.148922754727992e-06 0
0.85 1.65 0.01000258500361241 6.398155865903268e-06 0
0.85 1.75 0.01000020322243302 6.71620090669068e-06 0
0.85 1.85 0.01000064807685121 2.211215569305383e-06 0
0.85 1.95 0.01000030566814004 1.407086831534235e-07 0
0.85 2.05 0.01000028256998732 1.141491470824773e-08 0
0.85 2.15 0.01000003937128881 5.29324736682437e-09 0
0.85 2.25 0.009999993659324819 4.516966543240838e-08 0
0.85 2.35 0.01000000763454935 5.764889058354193e-09 0
0.85 2.45 0.01000017689323997 3.09055182223134e-09 0
0.85 2.55 0.01000009973151407 1.036851304850141e-08 0
0.85 2.65 0.00999996628377588 5.162153506900652e-09 0
0.85 2.75 0.01000006934547017 1.363975451723954e-08 0
0.85 2.85 0.01000017583234993 1.031488635419633e-08 0
0.85 2.95 0.009999830227862678 1.145406145300326e-08 0
0.85 3.05 0.00999995289850077 6.704447818333526e-09 0
0.85 3.15 0.01000006827015256 1.93534194456316e-09 0
0.85 3.25 0.009999876891719457 8.387963102329872e-09 0
0.85 3.35 0.009999689100759785 6.711971469215958e-09 0
0.85 3.45 0.01000013414660885 1.104963561882328e-08 0
0.85 3.55 0.01000018815719685 9.547109083126036e-09 0
0.85 3.65 0.01000021932675978 8.656979919234444e-09 0
0.85 3.75 0.009999842027209955 6.938144999744428e-09 0
0.95 0.05 0.01491644148827751 0.002947557420666144 0
0.95 0.15 0.01498266732060841 0.003716927563191781 0
0.95 0.25 0.0148188837662346 0.00305200863038412 0
0.95 0.35 0.01417479160525654 0.003426991863407983 0
0.95 0.45 0.0141225934903737 0.002149205760947017 0
0.95 0.5499999999999999 0.02446883771799722 0.0009306361872215659 1
0.95 0.6499999999999999 0.01129831235987238 0.0001158870887673003 1
0.95 0.7499999999999999 0.01040268384961268 5.721063227107127e-05 1
0.95 0.85 0.01017122858321469 2.518690067916889e-05 1
0.95 0.95 0.0100742603163409 1.414563273897919e-05 1
0.95 1.05 0.01005746059157937 3.272878042207312e-06 1
0.95 1.15 0.01002557423797211 2.262539164785029e-06 1
0.95 1.25 0.01001563209710154 7.433111795617084e-07 1
0.95 1.35 0.01001208188673586 7.244478545449974e-06 1
0.95 1.45 0.01000360129907264 1.548674542024196e-06 1
0.95 1.55 0.01000088781821575 3.184770443157345e-06 0
0.95 1.65 0.01000074595910107 1.740140326913722e-06 0
0.95 1.75 0.0100014856382812 9.570397236645805e-07 0
0.95 1.85 0.0100000375225774 2.029864552532501e-07 0
0.95 1.95 0.009999909825506709 1.208769271032341e-08 0
0.95 2.05 0.01000027766756574 6.417791686865709e-07 0
0.95 2.15 0.009999858365404752 1.24292852805195e-08 0
0.95 2.25 0.01000009719649299 2.817076426260608e-08 0
0.95 2.35 0.01000004445322546 7.605823873458782e-09 0
0.95 2.45 0.009999802884281057 1.196472845082764e-08 0
0.95 2.55 0.009999797061283861 9.519466286045809e-09 0
0.95 2.65 0.009999961023773669 8.814825304790564e-09 0
0.95 2.75 0.01000003437664234 6.754034078986521e-09 0
0.95 2.85 0.01000000907463118 1.028070983922513e-08 0
0.95 2.95 0.009999794864697837 1.412169970466325e-08 0
0.95 3.05 0.009999954106387893 1.843575853057754e-08 0
0.95 3.15 0.009999981890037053 9.574083364082513e-09 0
0.95 3.25 0.01000001220913007 1.388636166493896e-08 0
0.95 3.35 0.009999942963706449 1.564488868860512e-08 0
0.95 3.45 0.009999973497131127 2.181311438182136e-09 0
0.95 3.55 0.01000021010098053 3.378707676146502e-09 0
0.95 3.65 0.009999682217352163 1.233660828542282e-09 0
0.95 3.75 0.01000014068765566 5.760665800931731e-09 0
1.05 0.05 0.01362164991977771 0.002764405778820462 0
1.05 0.15 0.01391295236303257 0.003343424118944441 0
1.05 0.25 0.01342467133752549 0.002833125765405584 0
1.05 0.35 0.0132794643922773 0.002523729801940527 0
1.05 0.45 0.01318023074938518 0.002098188200959256 0
1.05 0.5499999999999999 0.02021748141374248 0.0005686959845911913 1
1.05 0.6499999999999999 0.01083719576041959 5.558150194421731e-05 1
1.05 0.7499999999999999 0.0103028086222035 5.983000333846889e-05 1
1.05 0.85 0.01009530408827123 5.03618316046242e-05 1
1.05 0.95 0.01004216855463067 5.622733503989801e-06 1
1.05 1.05 0.01002212889467612 3.772200781611242e-06 1
1.05 1.15 0.0100153885240607 2.385930435230756e-06 1
1.05 1.25 0.01000893003709236 3.462777651608796e-06 1
1.05 1.35 0.01000241132107561 5.819539446041285e-07 1
1.05 1.45 0.01000239389755876 3.188078108400152e-07 1
1.05 1.55 0.009999976805290207 7.56911153854311e-07 0
1.05 1.65 0.01000025376025405 7.215739688545661e-07 0
1.05 1.75 0.01000039572209545 8.564059318014275e-07 0
1.05 1.85 0.01000071615445521 7.811539234052578e-07 0
1.05 1.95 0.01000051030808947 5.72831529972692e-07 0
1.05 2.05 0.009999798011911882 3.542884706266074e-09 0
1.05 2.15 0.01000000236276989 4.294598796797978e-09 0
1.05 2.25 0.01000004249921873 8.588041435133986e-09 0
1.05 2.35 0.009999886304232892 7.488894827503556e-09 0
1.05 2.45 0.01000043665365581 7.86421624697827e-09 0
1.05 2.55 0.009999689253995431 7.038843863992932e-09 0
1.05 2.65 0.01000007000908511 1.221071740920017e-08 0
1.05 2.75 0.010000088063873 9.154303342781179e-09 0
1.05 2.85 0.009999967166486674 5.948790825016365e-09 0
1.05 2.95 0.01000037760184171 1.159432340523423e-08 0
1.05 3.05 0.01000020789134539 1.181543644348374e-08 0
1.05 3.15 0.01000009156682382 2.043714982552765e-08 0
1.05 3.25 0.01000011499306254 1.183652289453727e-08 0
1.05 3.35 0.009999884817244582 6.176592515076815e-09 0
1.05 3.45 0.01000012299554655 6.721318726852496e-09 0
1.05 3.55 0.01000011548897163 5.066019539619738e-09 0
1.05 3.65 0.01000023917023597 9.258561602726124e-09 0
1.05 3.75 0.009999827409754265 5.636290038511249e-09 0
1.15 0.05 0.01257955017175915 0.001982823536366173 0
1.15 0.15 0.01280288761708225 0.002557760009128524 0
1.15 0.25 0.01261991713842798 0.002005847910273751 0
1.15 0.35 0.01248662595927094 0.002519720953538942 0
1.15 0.45 0.01223278518032534 0.002333143788879711 0
1.15 0.5499999999999999 0.01812761918212357 0.0003762968315181183 1
1.15 0.6499999999999999 0.01062640023578248 5.193857965620855e-05 1
1.15 0.7499999999999999 0.01018781820294772 2.678069948756944e-05 1
1.15 0.85 0.0100661134728069 1.376409619338057e-05 1
1.15 0.95 0.01002477550483559 2.972738635250165e-06 1
1.15 1.05 0.01001299910680997 8.188597670183127e-07 1
1.15 1.15 0.01000962550499963 5.204513460920304e-07 1
1.15 1.25 0.0100043918643712 1.102432979485443e-06 1
1.15 1.35 0.01000255016207476 3.591575168907062e-07 1
1.15 1.45 0.01000084658705504 7.990731986840563e-08 1
1.15 1.55 0.0100001677097167 2.227597265921022e-07 0
1.15 1.65 0.01000010919846574 1.471304465820888e-08 0
1.15 1.75 0.009999777895754253 9.242826739970607e-08 0
1.15 1.85 0.009999840528259658 6.101902151943359e-08 0
1.15 1.95 0.01000011573494021 1.593486346327128e-07 0
1.15 2.05 0.009999985907122384 1.089156700408912e-06 0
1.15 2.15 0.01000002514730682 5.894470171380786e-09 0
1.15 2.25 0.009999995871013429 4.75664590398861e-09 0
1.15 2.35 0.01000009178423568 7.169075992829502e-09 0
1.15 2.45 0.009999776040978365 1.048367404841964e-08 0
1.15 2.55 0.01000023144368768 4.9415426739235e-09 0
1.15 2.65 0.009999921801835971 7.746854437288327e-09 0
1.15 2.75 0.009999974654896566 6.025940712457296e-09 0
1.15 2.85 0.009999923434393172 1.113403825709858e-08 0
1.15 2.95 0.009999826756733516 1.430341505617126e-08 0
1.15 3.05 0.01000010741213643 9.983132327426244e-09 0
1.15 3.15 0.00999978084542676 1.303497351107797e-08 0
1.15 3.25 0.01000002882041131 1.427276733425247e-08 0
1.15 3.35 0.01000003907067594 1.350725883306012e-08 0
1.15 3.45 0.01000016224382762 4.229867630453392e-09 0
1.15 3.55 0.00999992123236439 9.899242042853122e-09 0
1.15 3.65 0.01000022238264066 2.208309514923861e-09 0
1.15 3.75 0.009999950427574195 6.959231987999121e-09 0
1.25 0.05 0.01183095406378472 0.001586552012632365 0
1.25 0.15 0.01204820143584436 0.002003513638227824 0
1.25 0.25 0.0118490472044131 0.002169956751865945 0
1.25 0.35 0.01175984646313802 0.001892701515641757 0
1.25 0.45 0.01152233147547126 0.001601097428670832 0
1.25 0.5499999999999999 0.01577975957152778 0.0005021801685064577 1
1.25 0.6499999999999999 0.01040799010401033 5.380511607194825e-05 1
1.25 0.7499999999999999 0.01013606007151723 5.933363331909513e-05 1
1.25 0.85 0.01005299646755427 4.319530465650859e-06 1
1.25 0.95 0.01001671300500517 5.711397762447776e-06 1
1.25 1.05 0.01000586784772096 3.941703782475276e-06 1
1.25 1.15 0.01000371067138119 1.661394038675936e-07 1
1.25 1.25 0.01000505685624787 1.809505942159246e-06 1
1.25 1.35 0.0100007101071823 1.091443143634668e-07 1
1.25 1.45 0.01000075766129584 1.263875131858983e-07 1
1.25 1.55 0.01000004941965273 1.516994641290154e-07 0
1.25 1.65 0.01000016818734708 4.673839732366848e-08 0
1.25 1.75 0.01000002621663456 2.750142520785464e-07 0
1.25 1.85 0.01000005305340736 7.717378483765898e-07 0
1.25 1.95 0.01000007878610689 1.575080360339682e-07 0
1.25 2.05 0.009999851919673692 9.53869944366688e-09 0
1.25 2.15 0.01000018758854239 1.058655265551464e-07 0
1.25 2.25 0.01000007367478574 1.081770167780586e-08 0
1.25 2.35 0.009999820655267517 5.147696214382748e-09 0
1.25 2.45 0.01000019315461089 9.367300573880891e-09 0
1.25 2.55 0.009999696321646784 7.849499668407125e-09 0
1.25 2.65 0.01000044535359436 9.023453273491017e-09 0
1.25 2.75 0.009999855214385751 1.252676703089178e-08 0
1.25 2.85 0.01000000578314854 4.941284927156192e-09 0
1.25 2.95 0.009999686371970146 2.857023006784473e-09 0
1.25 3.05 0.01000011646278822 7.261342302947313e-09 0
1.25 3.15 0.009999556324338816 4.889084985385404e-09 0
1.25 3.25 0.009999856479791309 1.672120059261759e-08 0
1.25 3.35 0.009999933415532642 1.081803543046621e-08 0
1.25 3.45 0.01000031509406497 1.451172287109544e-08 0
1.25 3.55 0.009999717623344968 2.09261722783284e-09 0
1.25 3.65 0.01000027264249383 8.433893093396435e-09 0
1.25 3.75 0.009999898516966827 9.382546645257503e-09 0
1.35 0.05 0.01133069022607737 0.001693161998773064 0
1.35 0.15 0.01142217039709252 0.00124570150091876 0
1.35 0.25 0.01133114072456744 0.001512112995533957 0
1.35 0.35 0.011216103278499 0.001184547355926837 0
1.35 0.45 0.01107684929917545 0.001745916788392217 0
1.35 0.5499999999999999 0.01371969897072529 0.00017703631305533 1
1.35 0.6499999999999999 0.01028235427595476 1.831932237885652e-05 1
1.35 0.7499999999999999 0.01007858215918183 5.469787343888613e-05 1
1.35 0.85 0.01003542936248589 2.503697545193194e-06 1
1.35 0.95 0.01001887558965875 6.635041985781197e-07 1
1.35 1.05 0.01000334086260025 5.350872284054156e-07 1
1.35 1.15 0.0100012257184018 3.394407382351806e-07 1
1.35 1.25 0.01000139507856858 4.685639109472328e-07 1
1.35 1.35 0.01000058893072321 2.71375567455783e-06 1
1.35 1.45 0.01000027117843473 1.324761101990459e-08 1
1.35 1.55 0.01000001193512347 4.573934583847518e-07 0
1.35 1.65 0.009999946202719063 1.341144720847713e-07 0
1.35 1.75 0.01000000620603871 7.735840128165248e-09 0
1.35 1.85 0.0100003058467172 2.448010774361981e-08 0
1.35 1.95 0.01000014800637374 1.454076313136393e-08 0
1.35 2.05 0.009999989885465372 1.018531998201445e-08 0
1.35 2.15 0.009999938018918759 7.683104183419754e-09 0
1.35 2.25 0.01000013442235272 1.961215970142093e-08 0
1.35 2.35 0.01000012256767903 8.795009455431262e-09 0
1.35 2.45 0.009999885423643069 8.98982944127867e-09 0
1.35 2.55 0.01000033821040759 7.07356853021387e-09 0
1.35 2.65 0.009999701803331224 9.043753387305721e-09 0
1.35 2.75 0.01000018125039106 1.769750661130832e-08 0
1.35 2.85 0.009999883327186727 1.267933368603658e-08 0
1.35 2.95 0.01000005388771598 1.207432990965059e-08 0
1.35 3.05 0.01000014687007735 1.208573288415749e-08 0
1.35 3.15 0.01000027799440119 1.408889289978903e-08 0
1.35 3.25 0.01000013181449745 1.305477659846273e-08 0
1.35 3.35 0.009999946692410906 1.064723717152105e-08 0
1.35 3.45 0.009999863578759833 5.699886003328625e-09 0
1.35 3.55 0.01000022019681581 1.351085979948034e-08 0
1.35 3.65 0.009999830219456957 2.918576973058705e-09 0
1.35 3.75 0.01000028566609913 1.553861554012024e-08 0
1.45 0.05 0.01094258085767981 0.001077862426606192 0
1.45 0.15 0.01097356974544143 0.001527191656619362 0
1.45 0.25 0.01099645476452295 0.001015140345991486 0
1.45 0.35 0.0108087900652085 0.0007383166998967511 0
1.45 0.45 0.01086965624071082 0.001544643585940319 0
1.45 0.5499999999999999 0.01236755677076038 0.0002642478204683002 1
1.45 0.6499999999999999 0.01013436089679275 4.645237640003238e-05 1
1.45 0.7499999999999999 0.01002477263645983 3.030163980074521e-06 1
1.45 0.85 0.01002185580652847 5.819486095556099e-06 1
1.45 0.95 0.01000984626317403 1.787712687229509e-05 1
1.45 1.05 0.01000367250968694 4.262721293838367e-06 1
1.45 1.15 0.01000133824202067 6.228513657741888e-07 1
1.45 1.25 0.01000017205850114 2.734461904367105e-07 1
1.45 1.35 0.01000031524779445 1.668643452849885e-07 1
1.45 1.45 0.01000004777187926 3.984381708194416e-08 1
1.45 1.55 0.01000002708148586 1.099620999051896e-07 0
1.45 1.65 0.009999996309819754 8.209611733453494e-09 0
1.45 1.75 0.009999866915578654 6.514766688644259e-09 0
1.45 1.85 0.01000046904662057 7.608926509616306e-09 0
1.45 1.95 0.0100001688913919 5.445014459194462e-09 0
1.45 2.05 0.009999690974368609 4.517435859576903e-08 0
1.45 2.15 0.01000015467678552 1.891551930546093e-08 0
1.45 2.25 0.009999864867233161 5.126224188677989e-09 0
1.45 2.35 0.01000033350942488 7.751466221347059e-09 0
1.45 2.45 0.009999922292895608 1.394204361131205e-08 0
1.45 2.55 0.009999661115209908 1.33281615627829e-08 0
1.45 2.65 0.01000027412685668 5.36332255914813e-09 0
1.45 2.75 0.01000023666533124 4.034866664686814e-09 0
1.45 2.85 0.01000007045636466 8.11020528508537e-09 0
1.45 2.95 0.009999919855332568 1.250495479725914e-08 0
1.45 3.05 0.009999719614481112 1.485876279304567e-08 0
1.45 3.15 0.009999909574759731 3.954971860672251e-09 0
1.45 3.25 0.00999974361288793 7.800883573653607e-09 0
1.45 3.35 0.01000017403441391 1.311135387249887e-08 0
1.45 3.45 0.01000005834757602 7.690425405626787e-09 0
1.45 3.55 0.0100000403595756 6.794415262802029e-09 0
1.45 3.65 0.009999981341625958 1.093328874148264e-08 0
1.45 3.75 0.009999727758164174 1.09907024849591e-08 0
1.55 0.05 0.01614407480162836 0.0003116371955647938 1
1.55 0.15 0.01535811268353147 0.0005361743681974757 1
1.55 0.25 0.01500979003017644 0.0003976134290568508 1
1.55 0.35 0.01562611246964556 0.0004678060996524037 1
1.55 0.45 0.01509905769725864 0.0006664972707707395 1
1.55 0.5499999999999999 0.01014394148062834 0.0002324184750160346 0
1.55 0.6499999999999999 0.01002390953999265 8.513853801809052e-06 0
1.55 0.7499999999999999 0.01000456696127528 1.919971822348921e-05 0
1.55 0.85 0.01000187072987359 1.849219448758502e-06 0
1.55 0.95 0.01000122826151596 5.017451860711448e-07 0
1.55 1.05 0.01000050433775058 2.288458411363781e-09 0
1.55 1.15 0.01000041735082803 7.300940979731819e-07 0
1.55 1.25 0.01000000294429939 5.065363591898413e-08 0
1.55 1.35 0.01000015156847724 3.454665308610542e-08 0
1.55 1.45 0.009999834630296651 1.149051588574608e-07 0
1.55 1.55 0.01000007826327178 5.781034238102417e-09 1
1.55 1.65 0.00999997688381939 4.701469271091828e-08 1
1.55 1.75 0.009999991047586438 1.300753726915998e-08 1
1.55 1.85 0.01000008857879621 8.81577895971863e-09 1
1.55 1.95 0.00999999496156136 1.298645336779868e-08 1
1.55 2.05 0.0100000152276364 4.078681383508724e-09 1
1.55 2.15 0.01000000728082697 1.758161046764776e-08 1
1.55 2.25 0.009999956048684883 1.164177637864854e-08 1
1.55 2.35 0.009999971423586235 9.124707634718168e-09 1
1.55 2.45 0.01000005152494112 1.165151163534041e-08 1
1.55 2.55 0.01000013982733407 1.103911319358407e-08 0
1.55 2.65 0.0099999742065441 9.227968953962495e-09 0
1.55 2.75 0.009999968787088993 1.165927117331232e-08 0
1.55 2.85 0.009999859294197794 8.873902609276011e-09 0
1.55 2.95 0.01000028465068027 6.605729754408073e-09 0
1.55 3.05 0.0100001767934549 5.786554281821724e-09 0
1.55 3.15 0.009999970826019795 3.822210876576865e-09 0
1.55 3.25 0.009999854676149628 1.914746809099056e-08 0
1.55 3.35 0.01000010791153074 7.505774817468288e-09 0
1.55 3.45 0.01000005495776137 1.046286088052319e-08 0
1.55 3.55 0.01000001352402137 1.549029133419851e-08 0
1.55 3.65 0.009999774395002565 7.585757731153934e-09 0
1.55 3.75 0.009999834621617371 1.112833884296695e-08 0
1.65 0.05 0.01045129462523787 6.811429999339073e-05 1
1.65 0.15 0.01043961666770712 5.164441072588208e-05 1
1.65 0.25 0.01053423340323082 4.647394118824479e-05 1
1.65 0.35 0.01060853849761397 9.258807143491144e-05 1
1.65 0.45 0.01034206368321145 0.000117348510436479 1
1.65 0.5499999999999999 0.01008887742436974 0.000342639517683112 0
1.65 0.6499999999999999 0.01003469385182907 5.627257873974798e-05 0
1.65 0.7499999999999999 0.0100069123539589 7.838890874021323e-06 0
1.65 0.85 0.0100019489636486 4.656961796136386e-06 0
1.65 0.95 0.01000051440228646 2.650955568140099e-07 0
1.65 1.05 0.01000067028793396 1.497576843906678e-06 0
1.65 1.15 0.01000023129770668 7.360448327190443e-07 0
1.65 1.25 0.01000017941198252 1.154277947164007e-07 0
1.65 1.35 0.009999951307304262 4.148961149766841e-09 0
1.65 1.45 0.01000019975985524 1.221788693084543e-08 0
1.65 1.55 0.009999937262919052 4.754997706261037e-08 1
1.65 1.65 0.01000006090299678 5.190344179620394e-09 1
1.65 1.75 0.009999970094430783 1.877886356570404e-08 1
1.65 1.85 0.009999979072202198 1.068217199237217e-08 1
1.65 1.95 0.009999871034090408 1.470564964121738e-08 1
1.65 2.05 0.01000001964369148 1.02879341787939e-08 1
1.65 2.15 0.009999907555173455 8.520734987551725e-09 1
1.65 2.25 0.01000010562863864 1.384623253839247e-08 1
1.65 2.35 0.009999972187067958 1.346541342214838e-08 1
1.65 2.45 0.009999998381922243 1.218012336989805e-08 1
1.65 2.55 0.01000016261885918 8.189208009162972e-09 0
1.65 2.65 0.00999971694236081 5.146790989100136e-09 0
1.65 2.75 0.009999942659682976 1.06306110160265e-08 0
1.65 2.85 0.00999974129740679 4.338661052831459e-09 0
1.65 2.95 0.009999747529353304 1.30175854427292e-08 0
1.65 3.05 0.01000029110311175 7.924997117297876e-09 0
1.65 3.15 0.01000035946338031 6.84186183031855e-09 0
1.65 3.25 0.009999859812982809 6.213218425605439e-09 0
1.65 3.35 0.01000018960649087 9.118076275240187e-09 0
1.65 3.45 0.009999834946928705 6.872949800444905e-09 0
1.65 3.55 0.009999989307382013 3.958449464878833e-09 0
1.65 3.65 0.0100003378765733 2.00485219870982e-09 0
1.65 3.75 0.01000048989569947 8.89205198157895e-09 0
1.75 0.05 0.01011599213435278 1.873277983414391e-05 1
1.75 0.15 0.01008589576381218 1.933315115235345e-05 1
1.75 0.25 0.01014512020391265 2.469468781775482e-05 1
1.75 0.35 0.01014345269951676 3.911299723000439e-05 1
1.75 0.45 0.01006690028988239 5.192130934223253e-06 1
1.75 0.5499999999999999 0.01003219594608194 5.811552231461596e-05 0
1.75 0.6499999999999999 0.01003167893013011 0.0001022912767942134 0
1.75 0.7499999999999999 0.01000588310889284 3.680843307281946e-06 0
1.75 0.85 0.01000276218964359 1.05954530420387e-06 0
1.75 0.95 0.009999932961780051 2.259800968491938e-07 0
1.75 1.05 0.010000504857978 3.156072616622409e-08 0
1.75 1.15 0.01000020516478685 7.562091619431668e-07 0
1.75 1.25 0.009999882842166703 1.06215146416289e-07 0
1.75 1.35 0.009999901999144929 3.1482336645349e-07 0
1.75 1.45 0.01000004685551005 3.520414889778054e-08 0
1.75 1.55 0.0100000934271526 7.759992204520392e-09 1
1.75 1.65 0.009999853528438369 1.258598609058985e-08 1
1.75 1.75 0.01000004292765113 8.968685937323949e-09 1
1.75 1.85 0.01000003941004181 2.122901655297249e-09 1
1.75 1.95 0.009999989047490349 4.883208961705543e-09 1
1.75 2.05 0.01000000747015818 7.290385908588323e-09 1
1.75 2.15 0.01000002612151065 2.144836607090191e-08 1
1.75 2.25 0.009999903004744088 4.914038510335197e-09 1
1.75 2.35 0.009999977576634084 8.87601786167128e-09 1
1.75 2.45 0.009999848488974412 1.586698034110668e-08 1
1.75 2.55 0.01000019532147846 1.319011803962618e-08 0
1.75 2.65 0.0100000350522015 1.348171292228754e-08 0
1.75 2.75 0.009999953281316327 1.214647194012661e-08 0
1.75 2.85 0.009999850641293623 5.617266107284888e-09 0
1.75 2.95 0.0100003780102297 7.77161959324181e-09 0
1.75 3.05 0.009999793524280282 7.623546186388924e-09 0
1.75 3.15 0.01000006273965738 9.844647675970157e-09 0
1.75 3.25 0.009999776132986544 1.402697528829005e-08 0
1.75 3.35 0.009999936080078559 6.836315832368943e-09 0
1.75 3.45 0.01000006360696716 8.228271892447202e-09 0
1.75 3.55 0.01000010753418281 1.326277502091125e-08 0
1.75 3.65 0.009999841868222465 8.853003314550141e-09 0
1.75 3.75 0.009999921185671074 1.099314864119673e-08 0
1.85 0.05 0.01003890180232201 8.676723628851526e-06 1
1.85 0.15 0.01001955619963068 6.850550532546928e-06 1
1.85 0.25 0.01004920563027109 3.067781798537685e-05 1
1.85 0.35 0.01003183031062403 2.301716860661274e-05 1
1.85 0.45 0.01001669853457143 9.342389511045e-06 1
1.85 0.5499999999999999 0.01001858559528357 2.23282277397127e-05 0
1.85 0.6499999999999999 0.0100139171414183 4.747316428084448e-05 0
1.85 0.7499999999999999 0.01001015604287814 1.914806137060396e-05 0
1.85 0.85 0.01000437560815172 4.097820212058405e-06 0
1.85 0.95 0.01000098103308091 6.76266889624495e-07 0
1.85 1.05 0.01000002984120897 1.875456814107541e-08 0
1.85 1.15 0.01000016993319676 6.618869367734428e-07 0
1.85 1.25 0.0100003366807583 2.424190552800847e-08 0
1.85 1.35 0.009999890115616101 9.692452286573373e-09 0
1.85 1.45 0.01000022126063684 1.330393291069943e-08 0
1.85 1.55 0.01000010810856779 1.312565615965719e-08 1
1.85 1.65 0.01000001485593373 9.959354819530911e-09 1
1.85 1.75 0.009999929380992829 1.724244274113117e-08 1
1.85 1.85 0.009999923879626355 1.017768101830055e-08 1
1.85 1.95 0.01000003350406033 1.12620747934144e-08 1
1.85 2.05 0.01000001824337162 1.137259847870707e-08 1
1.85 2.15 0.009999957777126273 8.205289208414827e-09 1
1.85 2.25 0.01000009546069038 2.942658634257691e-09 1
1.85 2.35 0.009999968494991979 8.640360506489691e-09 1
1.85 2.45 0.01000011734512953 1.064332692665852e-08 1
1.85 2.55 0.009999843630446609 1.120048106338915e-08 0
1.85 2.65 0.009999971501696198 7.586573754140152e-09 0
1.85 2.75 0.0100002809128631 1.596489950229363e-08 0
1.85 2.85 0.009999779679799165 8.866778988947486e-09 0
1.85 2.95 0.01000003177900468 6.514661005272942e-09 0
1.85 3.05 0.009999959262149933 1.275231593105155e-08 0
1.85 3.15 0.009999755313444898 8.626960806648003e-09 0
1.85 3.25 0.009999698383002315 4.421013378587221e-09 0
1.85 3.35 0.01000025272532369 2.046291287537177e-08 0
1.85 3.45 0.01000004288824087 3.465888615796967e-09 0
1.85 3.55 0.01000022582514916 1.600762504343284e-08 0
1.85 3.65 0.009999692076494999 7.052538464831268e-09 0
1.85 3.75 0.01000011211458287 1.458422568896583e-08 0
1.95 0.05 0.01000837380042497 2.35472269331597e-06 1
1.95 0.15 0.01001247067909062 1.244997699072113e-06 1
1.95 0.25 0.0100061991311874 1.148829789496165e-05 1
1.95 0.35 0.01001767049887603 9.854046265337574e-09 1
1.95 0.45 0.0100019435323523 2.394375268454667e-06 1
1.95 0.5499999999999999 0.01000364582331116 1.947622845674914e-05 0
1.95 0.6499999999999999 0.01001592375465476 1.113022243133957e-05 0
1.95 0.7499999999999999 0.01000171889878189 1.226689429268395e-05 0
1.95 0.85 0.010001758737492 6.189756598320515e-06 0
1.95 0.95 0.01000061569943668 1.26173773745546e-06 0
1.95 1.05 0.009999927733230014 1.562748521866122e-08 0
1.95 1.15 0.01000001171350519 1.171140122127684e-07 0
1.95 1.25 0.01000008583017177 1.334916604734608e-08 0
1.95 1.35 0.01000026879618744 2.75897275577577e-09 0
1.95 1.45 0.009999961725111323 4.154936726789992e-09 0
1.95 1.55 0.00999994715275378 6.086910550271679e-09 1
1.95 1.65 0.009999964610618268 4.289322970929616e-09 1
1.95 1.75 0.01000000530024238 1.041366652370194e-08 1
1.95 1.85 0.009999974863224143 7.936729807344156e-09 1
1.95 1.95 0.009999910633546567 5.946856330388769e-09 1
1.95 2.05 0.01000003712637522 1.108335774835048e-08 1
1.95 2.15 0.01000003349577185 6.12575322428886e-10 1
1.95 2.25 0.009999928625575766 9.771536242002815e-09 1
1.95 2.35 0.009999988598189308 1.075321945590102e-08 1
1.95 2.45 0.01000002909988908 8.003905641853643e-09 1
1.95 2.55 0.01000000648151968 1.154476955952362e-08 0
1.95 2.65 0.01000000107540146 1.144609930440537e-08 0
1.95 2.75 0.009999870217719437 1.020299857253215e-08 0
1.95 2.85 0.01000010356662941 5.583429683321911e-09 0
1.95 2.95 0.01000051195985975 1.324753403096244e-08 0
1.95 3.05 0.01000015072703122 5.959044043171531e-09 0
1.95 3.15 0.01000011553215487 9.202724564810383e-09 0
1.95 3.25 0.009999923037569265 1.051670092628588e-08 0
1.95 3.35 0.00999991038827432 5.285949604818108e-09 0
1.95 3.45 0.009999868299673271 9.018800508251938e-09 0
1.95 3.55 0.01000013007997737 3.131066576463312e-09 0
1.95 3.65 0.009999818557475355 1.288761379867312e-08 0
1.95 3.75 0.01000008939637866 7.997374694052183e-09 0
2.05 0.05 0.01000234927081024 1.58183517863888e-06 1
2.05 0.15 0.01000740674365786 7.703719220857807e-07 1
2.05 0.25 0.01000076421464215 1.97426197113372e-07 1
2.05 0.35 0.01000415696427893 1.629355826938184e-05 1
2.05 0.45 0.0100002950535908 1.127194494947933e-07 1
2.05 0.5499999999999999 0.01000041540154641 4.040124255598488e-06 0
2.05 0.6499999999999999 0.0100086596708634 5.38686934466289e-06 0
2.05 0.7499999999999999 0.01000020014219473 2.34920581713766e-06 0
2.05 0.85 0.01000072140030696 3.567328164328321e-06 0
2.05 0.95 0.01000067601043909 4.219990140134216e-06 0
2.05 1.05 0.01000004301541026 7.391617198644081e-09 0
2.05 1.15 0.01000004469449735 1.217709487312217e-08 0
2.05 1.25 0.009999942118398625 1.88777593657049e-09 0
2.05 1.35 0.01000024179957805 4.171053077812117e-07 0
2.05 1.45 0.01000020367716971 1.088424597700349e-08 0
2.05 1.55 0.009999931673011848 1.694789241410151e-08 1
2.05 1.65 0.009999920940029345 1.756513950365314e-08 1
2.05 1.75 0.009999934175927056 1.385293355811758e-08 1
2.05 1.85 0.009999992035624534 1.347374823974773e-08 1
2.05 1.95 0.01000004996492323 1.744120448963608e-08 1
2.05 2.05 0.009999982622684773 1.226878661404208e-08 1
2.05 2.15 0.01000004526036293 6.918517416307195e-09 1
2.05 2.25 0.01000008598786252 1.392408092241767e-08 1
2.05 2.35 0.01000002779718713 5.624356874238092e-09 1
2.05 2.45 0.01000011131586888 7.086408077567161e-09 1
2.05 2.55 0.009999846596184487 1.14984346311287e-08 0
2.05 2.65 0.009999905078146871 1.790378418709691e-08 0
2.05 2.75 0.009999898543640601 6.703254736918849e-09 0
2.05 2.85 0.01000011273499681 3.610257876872043e-09 0
2.05 2.95 0.009999551183391592 8.109286579132409e-09 0
2.05 3.05 0.009999570246343698 1.198332876263021e-08 0
2.05 3.15 0.01000013336932128 4.926420185322428e-09 0
2.05 3.25 0.01000030159357891 8.074028354700682e-09 0
2.05 3.35 0.01000000499863831 8.609572953266271e-09 0
2.05 3.45 0.01000023019421249 1.47456837904855e-08 0
2.05 3.55 0.009999802509526607 4.879742962845539e-09 0
2.05 3.65 0.009999934535941297 8.01941639353881e-09 0
2.05 3.75 0.01000014802374296 1.260727091347466e-08 0
2.15 0.05 0.01000043655429707 3.871146023282362e-07 1
2.15 0.15 0.0100044421738913 9.698210308285777e-07 1
2.15 0.25 0.0100000719242145 1.062727202893332e-08 1
2.15 0.35 0.0100000533320538 1.20667220955365e-08 1
2.15 0.45 0.01000048077980566 1.169532604356363e-08 1
2.15 0.5499999999999999 0.009999818607909678 9.251117765343826e-09 0
2.15 0.6499999999999999 0.01000401486941328 9.089322601053911e-09 0
2.15 0.7499999999999999 0.01000139905915333 9.326869679127629e-06 0
2.15 0.85 0.01000013614042729 8.360068637335903e-09 0
2.15 0.95 0.00999986672842525 4.486051244362344e-09 0
2.15 1.05 0.01000003634652615 2.916057523593888e-09 0
2.15 1.15 0.00999981317401279 1.560787171676054e-08 0
2.15 1.25 0.0099999702525372 3.704458400640331e-09 0
2.15 1.35 0.009999856376776823 1.83541383713348e-08 0
2.15 1.45 0.009999943849408627 2.111902122677939e-08 0
2.15 1.55 0.01000000155215787 1.242514380164675e-08 1
2.15 1.65 0.01000003094009529 6.29949812541106e-09 1
2.15 1.75 0.0100000828910828 3.900055271935435e-09 1
2.15 1.85 0.009999993274878567 1.04675038845792e-08 1
2.15 1.95 0.009999941896396653 1.225400420148233e-08 1
2.15 2.05 0.01000003371822502 5.854605479617386e-09 1
2.15 2.15 0.01000002155857218 6.695593085421644e-09 1
2.15 2.25 0.009999902440629999 6.479276487723692e-09 1
2.15 2.35 0.01000017002216737 8.019199764532927e-09 1
2.15 2.45 0.009999918792673274 6.186683280211813e-09 1
2.15 2.55 0.01000002459248308 8.338767833615553e-09 0
2.15 2.65 0.009999985839805565 2.147989585403151e-09 0
2.15 2.75 0.01000011241165368 1.008487493287155e-08 0
2.15 2.85 0.009999559705193523 1.717140189259054e-08 0
2.15 2.95 0.01000027109116942 4.769561547107343e-09 0
2.15 3.05 0.01000030623822269 1.241990778689444e-08 0
2.15 3.15 0.01000005007692608 8.870843662819585e-09 0
2.15 3.25 0.009999734723756721 1.508592144349922e-08 0
2.15 3.35 0.009999821955717043 8.078045272466207e-09 0
2.15 3.45 0.01000009943540605 1.587871770801966e-08 0
2.15 3.55 0.009999907500301792 7.139889864982465e-09 0
2.15 3.65 0.009999964319960104 1.33086510854606e-08 0
2.15 3.75 0.009999882754883633 1.023914031678994e-08 0
2.25 0.05 0.009999981028557276 7.319940373357811e-09 1
2.25 0.15 0.01000046364108499 3.750395819925515e-06 1
2.25 0.25 0.009999919388026374 8.199781603213936e-09 1
2.25 0.35 0.01000006294553004 1.53164228530433e-08 1
2.25 0.45 0.01000027353358547 9.462048957159647e-09 1
2.25 0.5499999999999999 0.009999802347377202 1.779422454380684e-08 0
2.25 0.6499999999999999 0.01000018279909356 2.169113946810318e-08 0
2.25 0.7499999999999999 0.01000040401339376 2.048353143330206e-06 0
2.25 0.85 0.01000011685359738 8.703744317262984e-09 0
2.25 0.95 0.00999975469007865 4.317029751904819e-09 0
2.25 1.05 0.01000021120432905 1.546565865394905e-08 0
2.25 1.15 0.01000020269069481 9.738162275503342e-09 0
2.25 1.25 0.009999972832723931 1.985254841266307e-08 0
2.25 1.35 0.00999990495463678 1.460339483677838e-08 0
2.25 1.45 0.009999766367873381 1.153344580331317e-08 0
2.25 1.55 0.01000006746839745 5.346229389055621e-09 1
2.25 1.65 0.009999981395215091 9.071368157592636e-09 1
2.25 1.75 0.01000010398893693 1.490657679830491e-08 1
2.25 1.85 0.009999971133052416 6.716966041562691e-09 1
2.25 1.95 0.009999971117619428 1.559094627365829e-08 1
2.25 2.05 0.01000004322986982 1.298004394727476e-08 1
2.25 2.15 0.009999930003541952 8.082683083775357e-09 1
2.25 2.25 0.009999998413878903 9.273733321237565e-09 1
2.25 2.35 0.009999854883830612 1.437877530960267e-08 1
2.25 2.45 0.01000005535762285 9.445812280109104e-09 1
2.25 2.55 0.01000018698928131 1.181886814511797e-08 0
2.25 2.65 0.01000002945697233 5.703579091186999e-09 0
2.25 2.75 0.009999927967176209 8.308733178844776e-09 0
2.25 2.85 0.01000010402690834 1.798859930096643e-08 0
2.25 2.95 0.01000026634341523 4.040156306458713e-09 0
2.25 3.05 0.009999755975265718 1.258571902443e-08 0
2.25 3.15 0.009999934993225285 7.726737559515103e-09 0
2.25 3.25 0.01000016914883929 2.56737847813574e-09 0
2.25 3.35 0.01000014845952947 2.897467403182074e-09 0
2.25 3.45 0.01000012742993718 5.587400535558739e-09 0
2.25 3.55 0.009999824354477344 5.974115064344197e-09 0
2.25 3.65 0.01000016946939354 7.753222335217787e-09 0
2.25 3.75 0.00999986143689981 8.576369729616789e-09 0
2.35 0.05 0.009999926210789174 9.182771479305749e-09 1
2.35 0.15 0.009999967969090879 1.762282974706306e-08 1
2.35 0.25 0.01000013625660103 8.641930852500015e-09 1
2.35 0.35 0.01000007280203676 5.107571772992594e-09 1
2.35 0.45 0.01000015257739819 5.361432213151296e-09 1
2.35 0.5499999999999999 0.009999961185979917 5.368157498789842e-09 0
2.35 0.6499999999999999 0.009999802828229893 6.976520357784213e-09 0
2.35 0.7499999999999999 0.009999868355791936 1.014555778990362e-08 0
2.35 0.85 0.009999906263161624 9.280204499208168e-09 0
2.35 0.95 0.009999928076478998 9.926282568264825e-09 0
2.35 1.05 0.01000024999151052 8.922393047539454e-09 0
2.35 1.15 0.009999766088562585 3.997866538813657e-09 0
2.35 1.25 0.01000004814054435 6.618396530808228e-09 0
2.35 1.35 0.009999817682065388 1.942612734954493e-08 0
2.35 1.45 0.009999992633645722 7.519046983335152e-09 0
2.35 1.55 0.01000006503242958 7.029252155032692e-09 1
2.35 1.65 0.01000000199231423 9.944356348106946e-09 1
2.35 1.75 0.009999978378524194 3.007162431239841e-09 1
2.35 1.85 0.009999922756872909 2.66997667201384e-09 1
2.35 1.95 0.01000000038366679 9.976676645698165e-09 1
2.35 2.05 0.01000001532855479 1.996384679097149e-08 1
2.35 2.15 0.009999963616650693 1.48231270428771e-08 1
2.35 2.25 0.01000002858333162 9.712660342529331e-09 1
2.35 2.35 0.01000006416876133 1.575638804737777e-08 1
2.35 2.45 0.009999965185568133 5.401619942129032e-09 1
2.35 2.55 0.009999652813622934 5.864312093341034e-09 0
2.35 2.65 0.01000000716856122 8.13036949798268e-09 0
2.35 2.75 0.01000011042264916 6.219310578374124e-09 0
2.35 2.85 0.009999897043077372 4.934415719010502e-09 0
2.35 2.95 0.01000003406107254 1.335705298779998e-08 0
2.35 3.05 0.009999984810744284 1.086853910533107e-08 0
2.35 3.15 0.01000009028237927 1.750483299172009e-08 0
2.35 3.25 0.01000021949392562 4.412285474180255e-09 0
2.35 3.35 0.01000005439777909 2.918045798390389e-09 0
2.35 3.45 0.009999909577690719 8.36709657322741e-09 0
2.35 3.55 0.01000018987692699 9.270339502071861e-09 0
2.35 3.65 0.009999829379318332 1.167347983670121e-08 0
2.35 3.75 0.01000023987184008 1.316319115193806e-08 0
2.45 0.05 0.0100000534710857 4.787163797424054e-09 1
2.45 0.15 0.01000011971854122 1.799164950481848e-08 1
2.45 0.25 0.009999971086231203 1.084604662673429e-08 1
2.45 0.35 0.009999846274621266 3.215837738751296e-08 1
2.45 0.45 0.01000000714318063 8.777836846916556e-08 1
2.45 0.5499999999999999 0.00999999964871336 1.008789028887794e-08 0
2.45 0.6499999999999999 0.01000030475351522 8.563305660072157e-09 0
2.45 0.7499999999999999 0.01000014824098074 1.833416524834032e-08 0
2.45 0.85 0.009999876400283231 3.520174567838988e-09 0
2.45 0.95 0.01000015285516355 1.06204266768871e-08 0
2.45 1.05 0.00999972457614064 7.942022228723039e-09 0
2.45 1.15 0.01000038256224002 9.899277473720074e-09 0
2.45 1.25 0.01000009896909106 9.839615793079705e-09 0
2.45 1.35 0.009999687493419746 1.265132844408226e-08 0
2.45 1.45 0.01000009784673552 5.95236037903887e-09 0
2.45 1.55 0.009999986648399645 4.258168741001639e-09 1
2.45 1.65 0.009999991238818357 7.245474320025349e-09 1
2.45 1.75 0.01000011249723855 1.314054497409441e-08 1
2.45 1.85 0.01000012634067517 8.8288026679751e-09 1
2.45 1.95 0.009999985656993577 1.179050909417732e-08 1
2.45 2.05 0.0100000034649176 1.16254303419836e-08 1
2.45 2.15 0.009999929970622507 1.241994214433214e-08 1
2.45 2.25 0.01000001263391383 1.577432825558266e-08 1
2.45 2.35 0.01000008465031201 6.450081519135016e-09 1
2.45 2.45 0.009999993513343814 7.263009852006034e-09 1
2.45 2.55 0.01000014575432985 5.625755217400266e-09 0
2.45 2.65 0.0100000261062624 8.098455051708122e-09 0
2.45 2.75 0.009999960968820294 2.502341115432068e-08 0
2.45 2.85 0.009999668743053153 1.460559222478159e-08 0
2.45 2.95 0.01000061609275761 1.164543686324353e-08 0
2.45 3.05 0.009999959399888642 1.788442997693805e-08 0
2.45 3.15 0.009999933722853033 1.985656023462638e-09 0
2.45 3.25 0.009999726182986852 1.243804049594397e-08 0
2.45 3.35 0.0099999381297954 7.636908582074498e-09 0
2.45 3.45 0.01000020729913644 3.669130990188085e-09 0
2.45 3.55 0.009999841863728282 3.504492223383259e-09 0
2.45 3.65 0.009999806373337212 2.060814595191328e-08 0
2.45 3.75 0.01000013006413227 1.284418152797729e-08 0
2.55 0.05 0.009999921982640676 1.557592636669239e-08 0
2.55 0.15 0.009999788126638837 1.427461528425424e-08 0
2.55 0.25 0.01000022251957646 8.453429572557808e-09 0
2.55 0.35 0.009999762188937073 5.753640572456314e-09 0
2.55 0.45 0.009999812958085958 2.35672054627606e-08 0
2.55 0.5499999999999999 0.01000022626019672 3.857338709762097e-09 0
2.55 0.6499999999999999 0.009999877460235358 1.105562993232602e-08 0
2.55 0.7499999999999999 0.009999921571961185 1.468567889515592e-08 0
2.55 0.85 0.009999921372113935 8.659157722551548e-09 0
2.55 0.95 0.01000001528181173 6.058615822975129e-09 0
2.55 1.05 0.009999956548288797 7.354866626546262e-09 0
2.55 1.15 0.009999871026924585 6.330460246258175e-09 0
2.55 1.25 0.01000001437291389 6.965995312917318e-09 0
2.55 1.35 0.01000004911789234 4.918635590778774e-09 0
2.55 1.45 0.009999965451467436 1.235168692943274e-08 0
2.55 1.55 0.009999818399585653 5.835758389184953e-09 0
2.55 1.65 0.01000008220176042 6.698194654580232e-09 0
2.55 1.75 0.01000021240479456 5.653070971117813e-09 0
2.55 1.85 0.009999666440425731 3.119721417569618e-09 0
2.55 1.95 0.009999816661114953 8.067889577027478e-09 0
2.55 2.05 0.01000005084725033 1.33443042210675e-08 0
2.55 2.15 0.01000030559597732 4.140597236899816e-09 0
2.55 2.25 0.009999940547271397 8.407657930392752e-09 0
2.55 2.35 0.009999727636874529 7.614413366878284e-09 0
2.55 2.45 0.00999980888563869 4.551552679917823e-09 0
2.55 2.55 0.01000011247592937 6.269999559479867e-09 0
2.55 2.65 0.01000017278872946 5.414775103549326e-09 0
2.55 2.75 0.009999798860459781 1.123442754535339e-08 0
2.55 2.85 0.01000020307533646 3.908141434826639e-09 0
2.55 2.95 0.009999279500896425 4.843808090876559e-09 0
2.55 3.05 0.009999846270944208 9.96649045637007e-09 0
2.55 3.15 0.009999955477372997 9.816710935158602e-09 0
2.55 3.25 0.01000013709148519 5.900216603424995e-09 0
2.55 3.35 0.01000010587659674 9.881171503721285e-09 0
2.55 3.45 0.01000028365637164 5.952983561639377e-09 0
2.55 3.55 0.009999679235929055 3.019473423310896e-09 0
2.55 3.65 0.01000007464419341 1.110514721171449e-08 0
2.55 3.75 0.01000017872143801 1.09209780989583e-08 0
2.65 0.05 0.009999912935328443 1.455960351171195e-08 0
2.65 0.15 0.009999959639288254 1.21892064460269e-08 0
2.65 0.25 0.00999955463512649 1.82698760810188e-08 0
2.65 0.35 0.01000046483441665 2.601444209721702e-09 0
2.65 0.45 0.009999940705100702 1.023375982111433e-08 0
2.65 0.5499999999999999 0.009999844293695621 7.195978007055166e-09 0
2.65 0.6499999999999999 0.01000004879150098 1.083589782135564e-08 0
2.65 0.7499999999999999 0.01000009428871764 9.101973885280335e-09 0
2.65 0.85 0.01000027872251565 5.352359378751533e-09 0
2.65 0.95 0.009999780525334363 1.256113631445016e-08 0
2.65 1.05 0.009999986170278991 7.769167560384769e-09 0
2.65 1.15 0.01000045657844652 7.804104325240315e-09 0
2.65 1.25 0.009999794441669114 6.417393349495044e-09 0
2.65 1.35 0.01000016739691447 6.607436408009205e-09 0
2.65 1.45 0.01000022099543742 8.698979945853701e-09 0
2.65 1.55 0.01000022788079903 8.612698522319297e-09 0
2.65 1.65 0.0100001033822862 1.755953996009095e-08 0
2.65 1.75 0.009999553436440895 3.327478647109098e-09 0
2.65 1.85 0.01000017687472323 1.055400344911195e-08 0
2.65 1.95 0.01000038526596882 1.553291376959798e-08 0
2.65 2.05 0.01000027715911202 5.906981474199446e-09 0
2.65 2.15 0.01000024593341621 8.818616560156045e-09 0
2.65 2.25 0.01000008548906152 1.373043220975599e-08 0
2.65 2.35 0.01000006566852875 9.673988870213674e-09 0
2.65 2.45 0.01000010571818834 1.46523161857489e-08 0
2.65 2.55 0.0100005060690377 7.580499639239908e-09 0
2.65 2.65 0.009999779908409185 9.597044843334612e-09 0
2.65 2.75 0.009999988609689443 7.398721159590215e-09 0
2.65 2.85 0.01000010322163604 8.637465916155619e-09 0
2.65 2.95 0.01000015224752517 1.082691257258078e-08 0
2.65 3.05 0.009999936918359115 4.348433026724747e-09 0
2.65 3.15 0.0100001789371197 1.381665069446772e-08 0
2.65 3.25 0.009999855695593713 5.367631498837448e-09 0
2.65 3.35 0.009999976299334041 1.608392750292738e-08 0
2.65 3.45 0.01000009974787787 5.163522075281798e-09 0
2.65 3.55 0.009999799166621987 6.343463147463896e-09 0
2.65 3.65 0.01000014932576989 1.40307191313846e-08 0
2.65 3.75 0.01000002586512196 1.732624252547502e-08 0
2.75 0.05 0.01000008101034723 1.216004032426289e-08 0
2.75 0.15 0.009999935213291029 8.368123511931189e-09 0
2.75 0.25 0.01000028486597827 1.200470305397718e-08 0
2.75 0.35 0.009999815721859168 2.113568484982508e-09 0
2.75 0.45 0.01000005156388597 8.929237364084251e-09 0
2.75 0.5499999999999999 0.01000002061750451 1.466943814450738e-08 0
2.75 0.6499999999999999 0.01000018695445406 1.429272941845768e-08 0
2.75 0.7499999999999999 0.01000009057708752 1.389419823799355e-08 0
2.75 0.85 0.01000013792129252 7.527139683884646e-09 0
2.75 0.95 0.009999951369387933 5.262769894475525e-09 0
2.75 1.05 0.009999583663159801 8.608559412335875e-09 0
2.75 1.15 0.009999668253116174 1.564813094239913e-09 0
2.75 1.25 0.01000025437659303 2.24481413667656e-09 0
2.75 1.35 0.01000017956112899 1.055332927360613e-08 0
2.75 1.45 0.009999980148312066 1.219612050918514e-08 0
2.75 1.55 0.01000002204306995 1.171074793285226e-08 0
2.75 1.65 0.009999699087011611 9.983668861586383e-09 0
2.75 1.75 0.01000016042944253 1.115952712192132e-08 0
2.75 1.85 0.009999832408614257 4.545713701432403e-09 0
2.75 1.95 0.01000002973456717 9.125171914006822e-09 0
2.75 2.05 0.01000010487547755 1.671836695262659e-08 0
2.75 2.15 0.009999686307801032 1.041710479047572e-08 0
2.75 2.25 0.01000002961745196 8.512849637286949e-09 0
2.75 2.35 0.00999991187239559 7.947964092440896e-09 0
2.75 2.45 0.01000013862659856 9.470822718730614e-09 0
2.75 2.55 0.009999947861829245 9.678532585527956e-09 0
2.75 2.65 0.00999988916839158 1.075683297082084e-08 0
2.75 2.75 0.01000000261721525 5.300148340756382e-09 0
2.75 2.85 0.01000014881283619 3.984749406538471e-09 0
2.75 2.95 0.009999839130476435 9.271476421553432e-09 0
2.75 3.05 0.01000017228393503 1.512411329668975e-08 0
2.75 3.15 0.01000006379813158 9.811840900649846e-09 0
2.75 3.25 0.01000007628084689 4.502520661154291e-09 0
2.75 3.35 0.009999818978820092 1.149543663226553e-08 0
2.75 3.45 0.0100000354965394 4.800716632451214e-09 0
2.75 3.55 0.009999816398675993 1.507175516997969e-08 0
2.75 3.65 0.009999708816363157 1.700026746164015e-08 0
2.75 3.75 0.009999935944432398 4.884956811745162e-09 0
2.85 0.05 0.009999953197173856 1.295140196213939e-08 0
2.85 0.15 0.009999959095719508 2.107389971199164e-09 0
2.85 0.25 0.009999956491129187 5.823936859850644e-09 0
2.85 0.35 0.009999940594067742 1.469535330484622e-08 0
2.85 0.45 0.01000017367194119 1.610342499869618e-08 0
2.85 0.5499999999999999 0.01000007943663363 6.111741673899792e-09 0
2.85 0.6499999999999999 0.009999657215147412 8.033072094482566e-09 0
2.85 0.7499999999999999 0.01000000309504813 1.252984130400326e-08 0
2.85 0.85 0.01000011544359638 8.970365900039051e-09 0
2.85 0.95 0.01000015642154807 4.682787182315786e-09 0
2.85 1.05 0.009999917563775402 1.597110183055103e-08 0
2.85 1.15 0.01000025776955539 1.057198370227972e-08 0
2.85 1.25 0.009999935937138677 4.56006122848339e-09 0
2.85 1.35 0.009999969752119715 1.179166769305992e-08 0
2.85 1.45 0.009999835821223119 1.827111281286755e-08 0
2.85 1.55 0.01000008958119793 7.001136441945599e-09 0
2.85 1.65 0.01000032928218587 1.32791164400367e-08 0
2.85 1.75 0.009999805833743953 8.841229278055606e-09 0
2.85 1.85 0.01000023879312252 8.98643583589658e-09 0
2.85 1.95 0.01000019360872586 1.037908790797967e-08 0
2.85 2.05 0.009999765608768602 5.538962336708881e-09 0
2.85 2.15 0.009999754891755547 9.705269775702651e-09 0
2.85 2.25 0.009999826221375092 1.225481599995283e-08 0
2.85 2.35 0.01000009289914829 1.315160595394004e-08 0
2.85 2.45 0.00999985894192847 7.279378667142386e-09 0
2.85 2.55 0.01000000350382337 1.217197477036538e-08 0
2.85 2.65 0.01000032268645214 1.185097806926356e-08 0
2.85 2.75 0.01000002841708949 1.334602645816222e-08 0
2.85 2.85 0.009999905767217005 9.610797522225677e-09 0
2.85 2.95 0.01000004510124754 2.316508624140139e-08 0
2.85 3.05 0.01000002641658839 9.713066474948424e-09 0
2.85 3.15 0.01000010787297669 8.044413358415801e-09 0
2.85 3.25 0.009999887730441376 1.773741851096206e-08 0
2.85 3.35 0.009999982861650953 1.153958729235603e-08 0
2.85 3.45 0.01000020469481612 4.436067845053022e-09 0
2.85 3.55 0.009999985091859859 1.519323711309369e-08 0
2.85 3.65 0.01000038252269476 9.712301685120155e-09 0
2.85 3.75 0.009999892403325678 5.623582159585174e-09 0
2.95 0.05 0.01000025884805979 2.374169566979455e-09 0
2.95 0.15 0.01000009859829433 1.655148150526671e-08 0
2.95 0.25 0.009999819662181015 7.335712286195994e-09 0
2.95 0.35 0.009999918991735374 2.938497983437771e-09 0
2.95 0.45 0.00999965553866446 1.479848007143048e-08 0
2.95 0.5499999999999999 0.01000005106666947 4.597808275348606e-09 0
2.95 0.6499999999999999 0.009999986796757416 1.99842154553509e-08 0
2.95 0.7499999999999999 0.00999989879945375 8.886510258545718e-09 0
2.95 0.85 0.009999853414037436 9.510770227729655e-09 0
2.95 0.95 0.0100001039883685 3.205821467145667e-09 0
2.95 1.05 0.009999877691683996 1.318467383770308e-08 0
2.95 1.15 0.01000000798662328 6.730987095568238e-09 0
2.95 1.25 0.0100000820271481 6.340696543613861e-09 0
2.95 1.35 0.01000003809332086 8.497631776486912e-09 0
2.95 1.45 0.009999828574625131 4.020380837538162e-09 0
2.95 1.55 0.009999880854796434 1.501827488571288e-08 0
2.95 1.65 0.009999737230420042 1.617125920586244e-08 0
2.95 1.75 0.01000035110590204 9.27904921796331e-09 0
2.95 1.85 0.009999765522597532 2.481936641114436e-09 0
2.95 1.95 0.009999852703679441 1.753374221363621e-09 0
2.95 2.05 0.0100000300395179 6.277337881979611e-09 0
2.95 2.15 0.0100002320662297 1.251811929374109e-08 0
2.95 2.25 0.01000008534234155 1.987951880743653e-08 0
2.95 2.35 0.0100000493679643 6.247423005831142e-09 0
2.95 2.45 0.009999858843710147 1.62723077006406e-08 0
2.95 2.55 0.01000006703913372 1.396246071960983e-08 0
2.95 2.65 0.009999477590757384 1.451451412267034e-08 0
2.95 2.75 0.009999767390522014 9.476691520234946e-09 0
2.95 2.85 0.009999840783237918 7.168948870050548e-09 0
2.95 2.95 0.01000018942971494 4.912003813547668e-09 0
2.95 3.05 0.009999743306121762 1.773607537873465e-08 0
2.95 3.15 0.0099999871320199 5.052771702063299e-09 0
2.95 3.25 0.009999948834839362 8.54645920900464e-09 0
2.95 3.35 0.01000001185091705 9.051767117064649e-09 0
2.95 3.45 0.01000024646502652 3.088168533087486e-09 0
2.95 3.55 0.009999767539245714 9.884934850398566e-09 0
2.95 3.65 0.01000003384646022 1.027910175135714e-08 0
2.95 3.75 0.01000008104345853 5.422235658588539e-09 0
3.05 0.05 0.009999854335792552 1.01435701685844e-08 0
3.05 0.15 0.009999961827777643 1.988247707271963e-09 0
3.05 0.25 0.01000036834497266 4.559471188048856e-09 0
3.05 0.35 0.01000016836512487 1.356380203506273e-08 0
3.05 0.45 0.009999984402160895 1.023826534037337e-08 0
3.05 0.5499999999999999 0.01000006770944552 2.382960766907075e-08 0
3.05 0.6499999999999999 0.009999927374906865 1.332053338909917e-08 0
3.05 0.7499999999999999 0.009999948666064146 9.197648535139515e-09 0
3.05 0.85 0.01000021905051853 4.331733019102048e-09 0
3.05 0.95 0.009999967237352653 1.10263416478967e-08 0
3.05 1.05 0.009999958158595352 8.682659086391802e-09 0
3.05 1.15 0.009999790329566455 1.222783946427955e-08 0
3.05 1.25 0.009999993215551801 1.701872729421959e-08 0
3.05 1.35 0.01000000829060057 6.813569933232528e-09 0
3.05 1.45 0.01000028029188428 6.77026060702453e-09 0
3.05 1.55 0.009999789579144509 2.894229622380987e-09 0
3.05 1.65 0.009999919379268935 1.32093306601645e-08 0
3.05 1.75 0.01000012951800202 2.150523892352423e-09 0
3.05 1.85 0.009999913335790329 2.850806821617846e-08 0
3.05 1.95 0.009999948864351755 7.909828370913444e-09 0
3.05 2.05 0.01000026690360357 1.606830160925489e-08 0
3.05 2.15 0.0100004238955519 1.42602379599787e-08 0
3.05 2.25 0.009999299478970731 1.341055950703036e-08 0
3.05 2.35 0.010000097834603 1.411918128851476e-08 0
3.05 2.45 0.009999727723461267 1.61281830183217e-08 0
3.05 2.55 0.01000014959605324 1.22431458246444e-08 0
3.05 2.65 0.01000005450375298 7.55924205226043e-09 0
3.05 2.75 0.01000045074801705 1.23577278336499e-08 0
3.05 2.85 0.009999954067730816 1.326411224905235e-08 0
3.05 2.95 0.009999818308366177 6.015859984106137e-09 0
3.05 3.05 0.01000015801622269 2.238530014022516e-08 0
3.05 3.15 0.009999998760094404 9.001871555537547e-09 0
3.05 3.25 0.01000040216545685 9.755756348700232e-09 0
3.05 3.35 0.01000018289587303 2.753305793527788e-09 0
3.05 3.45 0.01000019594102199 9.905560810322905e-09 0
3.05 3.55 0.009999925621198575 5.386199306528955e-09 0
3.05 3.65 0.01000011531665081 1.529007451376104e-08 0
3.05 3.75 0.009999865323060537 1.668776766555463e-08 0
3.15 0.05 0.01000001875401026 1.300510636039043e-08 0
3.15 0.15 0.009999743424583447 1.248184811572488e-08 0
3.15 0.25 0.009999840731325666 1.110150409234281e-08 0
3.15 0.35 0.01000010558878075 1.048527041870761e-08 0
3.15 0.45 0.009999949188650565 9.774506106684401e-09 0
3.15 0.5499999999999999 0.00999968827737931 1.099736514212214e-08 0
3.15 0.6499999999999999 0.01000013104232579 5.033917568018772e-09 0
3.15 0.7499999999999999 0.00999993466884121 7.496708793087663e-09 0
3.15 0.85 0.01000003756674829 7.699087455624771e-09 0
3.15 0.95 0.01000017038664737 9.540095600316612e-09 0
3.15 1.05 0.01000033578137106 9.723705945437566e-09 0
3.15 1.15 0.009999883604611032 7.06310006151639e-09 0
3.15 1.25 0.009999873811040633 7.604403002388437e-09 0
3.15 1.35 0.009999808059799737 1.157942561098068e-08 0
3.15 1.45 0.01000002344393693 1.283588300392647e-08 0
3.15 1.55 0.01000016951392681 9.493007453605637e-09 0
3.15 1.65 0.009999938743487608 5.39498592880941e-09 0
3.15 1.75 0.009999851447727654 2.249659722370974e-08 0
3.15 1.85 0.009999679848235705 1.5094778730783e-08 0
3.15 1.95 0.01000018277457273 1.288710439327295e-08 0
3.15 2.05 0.009999986616769835 6.040266896349389e-09 0
3.15 2.15 0.009999863265446014 7.116732912349907e-09 0
3.15 2.25 0.009999804095262594 6.130001488752665e-09 0
3.15 2.35 0.009999936638312907 1.0439443168898e-08 0
3.15 2.45 0.01000004392677724 8.037258781897196e-09 0
3.15 2.55 0.01000021703712108 9.798347099585552e-09 0
3.15 2.65 0.01000002121590939 8.128486990967264e-09 0
3.15 2.75 0.009999790567129314 1.001696516993572e-08 0
3.15 2.85 0.01000027883735712 4.426361222548136e-09 0
3.15 2.95 0.01000010759799665 9.052748639864579e-09 0
3.15 3.05 0.009999879066314183 8.248986549474626e-09 0
3.15 3.15 0.009999879396037987 8.35511602746458e-09 0
3.15 3.25 0.00999973121212307 6.09985780784217e-09 0
3.15 3.35 0.009999967550627393 2.127528898415012e-08 0
3.15 3.45 0.009999883098725921 7.745942780677273e-09 0
3.15 3.55 0.009999889759978803 8.132363361563832e-09 0
3.15 3.65 0.009999933432642511 7.262067779478154e-09 0
3.15 3.75 0.009999842680006883 4.493926033195052e-09 0
3.25 0.05 0.0100001971512468 2.253565231294983e-08 0
3.25 0.15 0.01000001600175495 5.458126170814493e-09 0
3.25 0.25 0.0100003453346892 4.996276158039479e-09 0
3.25 0.35 0.01000005828781938 1.511409346557836e-08 0
3.25 0.45 0.009999735894368773 7.910656714104378e-09 0
3.25 0.5499999999999999 0.01000022724971274 4.206357363496437e-09 0
3.25 0.6499999999999999 0.009999845638046029 1.381645815641807e-08 0
3.25 0.7499999999999999 0.009999956787265635 1.803493475156521e-08 0
3.25 0.85 0.0100001304681291 7.258876856090096e-09 0
3.25 0.95 0.009999973723701889 5.664846185372395e-09 0
3.25 1.05 0.009999862225897122 1.421042808788822e-08 0
3.25 1.15 0.009999950003074649 8.001996299947565e-09 0
3.25 1.25 0.01000033046774419 8.664877445651619e-09 0
3.25 1.35 0.01000039206203653 1.539652923173758e-08 0
3.25 1.45 0.01000011736345443 1.138006311176467e-08 0
3.25 1.55 0.01000003897592507 4.70311738702643e-09 0
3.25 1.65 0.01000014428079212 8.204875434692358e-09 0
3.25 1.75 0.009999882323164972 1.698758300382118e-08 0
3.25 1.85 0.01000023466594215 8.096619868291599e-09 0
3.25 1.95 0.009999882493897733 1.27088939230632e-08 0
3.25 2.05 0.00999969901389321 6.959864226822243e-09 0
3.25 2.15 0.01000016438272113 1.219439181493317e-08 0
3.25 2.25 0.01000005653659088 1.859079810527299e-08 0
3.25 2.35 0.01000015020538627 3.837666212468353e-09 0
3.25 2.45 0.009999740578472544 6.959364525870773e-09 0
3.25 2.55 0.009999852933746074 8.31447628447269e-09 0
3.25 2.65 0.01000051313294804 7.521498908330551e-09 0
3.25 2.75 0.01000003065530621 1.797607076895183e-09 0
3.25 2.85 0.009999958971005047 8.348795927542018e-09 0
3.25 2.95 0.01000001579575084 9.946354748716374e-09 0
3.25 3.05 0.009999498021546888 6.910540384215484e-09 0
3.25 3.15 0.009999958479611454 1.579915802306324e-08 0
3.25 3.25 0.01000040635320744 1.151914461841423e-08 0
3.25 3.35 0.01000013282909209 7.324294564627935e-09 0
3.25 3.45 0.01000013526806555 1.002104552253755e-08 0
3.25 3.55 0.009999789465997683 8.887441428441239e-09 0
3.25 3.65 0.0100000112168145 9.974648501175523e-09 0
3.25 3.75 0.0100001086354601 9.799671111206502e-09 0
3.35 0.05 0.009999945733682698 9.025365819418128e-09 0
3.35 0.15 0.01000005114425719 6.750867297261501e-09 0
3.35 0.25 0.009999616419222552 1.260521499772128e-08 0
3.35 0.35 0.009999925074638445 6.784156449871423e-09 0
3.35 0.45 0.0100000853057486 1.041052268156087e-08 0
3.35 0.5499999999999999 0.01000004487099972 9.200120358283369e-09 0
3.35 0.6499999999999999 0.01000018496604995 4.2113065174624e-09 0
3.35 0.7499999999999999 0.01000016493367241 7.355864872268495e-09 0
3.35 0.85 0.009999879008298369 1.44950794429447e-08 0
3.35 0.95 0.01000024815445201 1.541209494618228e-08 0
3.35 1.05 0.009999991371885248 1.221338726504599e-08 0
3.35 1.15 0.01000014672869355 7.236284308627113e-09 0
3.35 1.25 0.00999991407435687 6.682667260835949e-09 0
3.35 1.35 0.009999738189734448 5.394441611231935e-09 0
3.35 1.45 0.009999849370328068 1.27446435105568e-08 0
3.35 1.55 0.01000008925211717 6.714050890762084e-09 0
3.35 1.65 0.009999972471245972 4.54704812760254e-09 0
3.35 1.75 0.01000018035219398 1.107525332534101e-08 0
3.35 1.85 0.00999995231575625 8.607095604528188e-09 0
3.35 1.95 0.009999763161385861 1.386040721063183e-08 0
3.35 2.05 0.01000007561353357 7.255374739155971e-09 0
3.35 2.15 0.009999944449213278 1.195819005239844e-08 0
3.35 2.25 0.01000018017420303 1.32440342197244e-08 0
3.35 2.35 0.009999760698637634 1.595085377831482e-09 0
3.35 2.45 0.01000034589811406 1.036764589888416e-08 0
3.35 2.55 0.00999999967544753 4.33642822767921e-09 0
3.35 2.65 0.009999946145083389 3.637827504634044e-09 0
3.35 2.75 0.009999768382841129 1.623487823451263e-08 0
3.35 2.85 0.0100001666963442 6.568088267502843e-09 0
3.35 2.95 0.01000005937961447 1.539944855450644e-08 0
3.35 3.05 0.01000014766840053 1.986475506744519e-08 0
3.35 3.15 0.01000020118541713 7.479705218342889e-09 0
3.35 3.25 0.009999844149157017 8.691034981563353e-09 0
3.35 3.35 0.009999736487522743 1.707380411215103e-08 0
3.35 3.45 0.009999583453343636 1.385958302402169e-08 0
3.35 3.55 0.0100001539520639 1.154577119129887e-08 0
3.35 3.65 0.01000010155739574 7.866957092121399e-09 0
3.35 3.75 0.01000010790711827 7.136401207443986e-09 0
3.45 0.05 0.009999959347809412 1.154641405246413e-08 0
3.45 0.15 0.009999747811868649 1.737559571507078e-08 0
3.45 0.25 0.01000010111835849 1.112941011809114e-08 0
3.45 0.35 0.009999979865302894 2.078109689466809e-08 0
3.45 0.45 0.009999905858731357 2.539420733868271e-09 0
3.45 0.5499999999999999 0.01000031690084015 2.161927360073583e-09 0
3.45 0.6499999999999999 0.009999731657427308 1.184216896725842e-08 0
3.45 0.7499999999999999 0.009999832956876138 8.764864810336271e-09 0
3.45 0.85 0.01000036995704136 1.306974150805549e-08 0
3.45 0.95 0.009999572538710883 9.115538748741741e-09 0
3.45 1.05 0.00999993556441638 5.17195767559781e-09 0
3.45 1.15 0.01000021494411442 1.150538856504591e-08 0
3.45 1.25 0.009999982985534079 8.966297962934629e-09 0
3.45 1.35 0.01000019112206076 1.073298246435119e-08 0
3.45 1.45 0.009999767742684757 9.089865991225919e-09 0
3.45 1.55 0.01000001951376163 1.237230947901542e-08 0
3.45 1.65 0.009999912791741967 5.97301248963112e-09 0
3.45 1.75 0.01000025568915376 4.394880003623367e-09 0
3.45 1.85 0.009999839835679442 1.190669341939766e-08 0
3.45 1.95 0.01000002589925643 1.305186726524838e-08 0
3.45 2.05 0.009999871422352275 3.090759826420464e-09 0
3.45 2.15 0.01000035537178391 1.1227521546132e-08 0
3.45 2.25 0.009999547818818972 3.535028329849654e-09 0
3.45 2.35 0.01000036867375144 4.386528553626667e-09 0
3.45 2.45 0.009999866093949667 8.651551192370613e-09 0
3.45 2.55 0.01000016963745111 1.062577206333513e-08 0
3.45 2.65 0.009999860771700359 7.626168642881176e-09 0
3.45 2.75 0.01000007477185662 7.341759575830926e-09 0
3.45 2.85 0.009999747152271827 1.042331843199884e-08 0
3.45 2.95 0.00999986215032735 1.419202403267237e-08 0
3.45 3.05 0.0100001268715856 9.463162816636691e-09 0
3.45 3.15 0.00999992247626182 9.21106554947763e-09 0
3.45 3.25 0.009999911314885996 7.264745007577704e-09 0
3.45 3.35 0.01000010703028721 1.654104888327925e-08 0
3.45 3.45 0.01000010853722046 1.084319418942934e-08 0
3.45 3.55 0.009999968951263444 1.464388426906273e-08 0
3.45 3.65 0.009999805853951788 1.959437160233306e-08 0
3.45 3.75 0.01000020478331422 4.182018277833375e-09 0
3.55 0.05 0.009999998203572464 7.887017105826553e-09 0
3.55 0.15 0.01000044568272486 1.386921140100522e-08 0
3.55 0.25 0.009999803330697294 1.104083315500822e-08 0
3.55 0.35 0.009999957095406704 6.123035040036639e-09 0
3.55 0.45 0.01000063990476065 6.45351735565786e-09 0
3.55 0.5499999999999999 0.009999697990768514 1.768609661682255e-08 0
3.55 0.6499999999999999 0.009999772779533917 9.35256118720925e-09 0
3.55 0.7499999999999999 0.01000001563305432 1.512046640807565e-08 0
3.55 0.85 0.01000008537359122 9.732439550579459e-09 0
3.55 0.95 0.009999712307696602 1.60035497477554e-08 0
3.55 1.05 0.009999929496051014 1.529951171206852e-08 0
3.55 1.15 0.01000016328631461 8.755712346493046e-09 0
3.55 1.25 0.009999889317669503 7.270116890322606e-09 0
3.55 1.35 0.009999787530166632 4.64418698671275e-09 0
3.55 1.45 0.01000023991508726 7.534779396916971e-09 0
3.55 1.55 0.009999961028886024 1.849433044884195e-08 0
3.55 1.65 0.009999779523817271 1.400963899801492e-08 0
3.55 1.75 0.009999870767278058 1.394312940507174e-08 0
3.55 1.85 0.01000019075449345 1.063983759138378e-08 0
3.55 1.95 0.01000013872495899 1.30285757062653e-08 0
3.55 2.05 0.01000009933335435 7.030083795576507e-09 0
3.55 2.15 0.0100002247955905 1.786364283089379e-08 0
3.55 2.25 0.009999822847192381 3.667818620753928e-09 0
3.55 2.35 0.009999758281357036 1.540066340693445e-08 0
3.55 2.45 0.009999988387939713 3.359373819492609e-09 0
3.55 2.55 0.009999951665598989 1.131633251744548e-08 0
3.55 2.65 0.01000018116825942 1.045677454248843e-08 0
3.55 2.75 0.00999970385284556 8.106435071914376e-09 0
3.55 2.85 0.01000003334039392 7.420691265235879e-09 0
3.55 2.95 0.009999984026926829 1.53850647322154e-08 0
3.55 3.05 0.01000002886065645 7.525311757781676e-09 0
3.55 3.15 0.01000013223957965 1.463267688197419e-08 0
3.55 3.25 0.009999938259369973 3.655210576240589e-09 0
3.55 3.35 0.01000010930925712 7.258966786574245e-09 0
3.55 3.45 0.009999841265181292 7.914772221637205e-09 0
3.55 3.55 0.00999992304006327 1.106424433989188e-08 0
3.55 3.65 0.00999998747397925 1.752182620659611e-08 0
3.55 3.75 0.01000016016281848 1.603882315410068e-08 0
3.65 0.05 0.009999570152125731 6.391271578603106e-09 0
3.65 0.15 0.009999899832785392 1.226305558047838e-08 0
3.65 0.25 0.01000003238666793 6.592750296948403e-09 0
3.65 0.35 0.01000003177395982 1.049048510540245e-08 0
3.65 0.45 0.01000007085589929 1.327777537320586e-08 0
3.65 0.5499999999999999 0.009999859105946602 8.918198521073852e-09 0
3.65 0.6499999999999999 0.009999857139377472 1.178767812555159e-08 0
3.65 0.7499999999999999 0.01000011543752479 1.788656872863149e-08 0
3.65 0.85 0.01000000324560859 1.129875032622552e-08 0
3.65 0.95 0.01000031580521522 1.783405442702558e-09 0
3.65 1.05 0.009999889287482095 1.491564103716511e-08 0
3.65 1.15 0.01000029576025042 7.978011523968384e-09 0
3.65 1.25 0.01000007687646644 8.245780224170508e-09 0
3.65 1.35 0.009999973284351999 1.219897240799382e-08 0
3.65 1.45 0.01000026824906243 1.027846153083594e-08 0
3.65 1.55 0.009999994535399143 1.13516063436642e-08 0
3.65 1.65 0.009999875615797866 1.023487601659332e-08 0
3.65 1.75 0.01000004166559933 5.054682856109369e-09 0
3.65 1.85 0.009999730600590912 7.170660424604125e-09 0
3.65 1.95 0.009999348282101157 1.090755401836224e-08 0
3.65 2.05 0.00999997786415165 5.864549149876986e-09 0
3.65 2.15 0.01000014292893127 6.106343573560805e-09 0
3.65 2.25 0.01000026146912759 2.003736748530583e-09 0
3.65 2.35 0.0100000232992953 1.256938992960997e-08 0
3.65 2.45 0.009999892697366026 1.39833078876678e-08 0
3.65 2.55 0.009999769195012793 1.548320287125286e-08 0
3.65 2.65 0.01000005634989222 1.006559392273141e-08 0
3.65 2.75 0.01000000176027939 1.912221776676231e-08 0
3.65 2.85 0.009999935159296886 5.672726755619946e-09 0
3.65 2.95 0.01000025294037656 7.808172266657856e-09 0
3.65 3.05 0.009999751421962206 4.395264607637789e-09 0
3.65 3.15 0.0100000334737095 1.530008780969981e-08 0
3.65 3.25 0.0100003235769718 1.02266089549268e-08 0
3.65 3.35 0.009999935415635836 6.585953242252739e-09 0
3.65 3.45 0.01000011495912702 1.570492187134957e-08 0
3.65 3.55 0.009999967863546861 9.928628903202587e-09 0
3.65 3.65 0.01000017190092052 7.992475149491376e-09 0
3.65 3.75 0.009999853859824843 5.216118526121419e-09 0
3.75 0.05 0.01000006907232333 8.439217518403497e-09 0
3.75 0.15 0.0100000466610949 1.038675663720375e-08 0
3.75 0.25 0.0100004403921551 9.626768771493945e-09 0
3.75 0.35 0.009999857811259578 9.792656098127515e-09 0
3.75 0.45 0.009999475785161711 1.584828128642155e-08 0
3.75 0.5499999999999999 0.01000049604536514 1.17868450024642e-08 0
3.75 0.6499999999999999 0.009999783822305947 1.769224288448211e-08 0
3.75 0.7499999999999999 0.009999979936680465 8.712475996949446e-09 0
3.75 0.85 0.009999881659606875 1.117885963148487e-08 0
3.75 0.95 0.009999813790842044 1.318146541146586e-08 0
3.75 1.05 0.01000020096382372 5.738938303410202e-09 0
3.75 1.15 0.009999841024445861 3.210133313283483e-09 0
3.75 1.25 0.01000008516942743 1.243398474122445e-08 0
3.75 1.35 0.009999839671941974 1.478365424068443e-08 0
3.75 1.45 0.009999736420912914 1.245230379186701e-08 0
3.75 1.55 0.01000016155644147 1.136586419197204e-09 0
3.75 1.65 0.009999940332854469 1.059948793174959e-08 0
3.75 1.75 0.01000015951684276 1.048824669251182e-08 0
3.75 1.85 0.01000014858590305 1.42012442454174e-08 0
3.75 1.95 0.01000010859581181 1.024175512856088e-08 0
3.75 2.05 0.01000027567018393 1.07080071441464e-08 0
3.75 2.15 0.009999683102347352 1.400470492219389e-08 0
3.75 2.25 0.01000032025671217 4.556114268738938e-09 0
3.75 2.35 0.009999896954991389 7.334739512070196e-09 0
3.75 2.45 0.009999921673458662 1.175568927842502e-08 0
3.75 2.55 0.0100005081816802 5.29509038492909e-09 0
3.75 2.65 0.009999928061770764 8.517954542223308e-09 0
3.75 2.75 0.009999998017342766 9.048123832309551e-09 0
3.75 2.85 0.009999863799383352 2.216994341701217e-08 0
3.75 2.95 0.01000001003197028 9.90240822749814e-09 0
3.75 3.05 0.00999998457187758 4.678982641189456e-09 0
3.75 3.15 0.01000027605869448 6.040279577599968e-09 0
3.75 3.25 0.009999846441218669 1.507909837123089e-08 0
3.75 3.35 0.009999677361375209 9.609137975777759e-09 0
3.75 3.45 0.009999985959226482 1.219267301673564e-08 0
3.75 3.55 0.01000009118921298 4.11562051798149e-09 0
3.75 3.65 0.009999788698863771 1.33315858132921e-08 0
3.75 3.75 0.01000008273703003 1.055361554322101e-08 0
