# ct=2.5 Nx=38
# x_cm y_cm T_keV E_over_aTkeV4 aluminum
0.05 0.05 0.05591269887894597 0.02987518427199285 0
0.05 0.15 0.05366606589729227 0.02862513963477972 0
0.05 0.25 0.04919915526592123 0.02133486049612543 0
0.05 0.35 0.04292059204170291 0.02087809875651539 0
0.05 0.45 0.03552927808848941 0.01303652585924907 0
0.05 0.5499999999999999 0.0303897904366452 0.01009883832473494 0
0.05 0.6499999999999999 0.02560960199537294 0.0074737071288919 0
0.05 0.7499999999999999 0.0222067401258518 0.00622814538482515 0
0.05 0.85 0.01952568976970241 0.004862011987479463 0
0.05 0.95 0.01757382604174406 0.004174579227561246 0
0.05 1.05 0.01602834702180709 0.002844157945807401 0
0.05 1.15 0.01487054005579506 0.003029365443835011 0
0.05 1.25 0.01391770155525783 0.00187840685790469 0
0.05 1.35 0.01314766113741426 0.002428006340108259 0
0.05 1.45 0.01241342738972578 0.00199160064396625 0
0.05 1.55 0.01182946033038464 0.001692177244768436 0
0.05 1.65 0.01140080614485856 0.001843714506229265 0
0.05 1.75 0.01099222285159087 0.001528196671662361 0
0.05 1.85 0.01068373467652239 0.001091954280429542 0
0.05 1.95 0.01049481034909413 0.000504714056314309 0
0.05 2.05 0.01033770851694294 0.0006993397563920944 0
0.05 2.15 0.01023511689293278 0.0003500952352450651 0
0.05 2.25 0.01014008769019313 0.0002064959059093241 0
0.05 2.35 0.01007752307725034 0.0003214632264621538 0
0.05 2.45 0.01004415807209522 0.0002136058405400575 0
0.05 2.55 0.01002018227736966 7.373661422387857e-05 0
0.05 2.65 0.01000640168939938 6.583895503373423e-05 0
0.05 2.75 0.01000156567967338 5.699045440863052e-06 0
0.05 2.85 0.01000108523071631 1.399121365278483e-08 0
0.05 2.95 0.009999888409144692 4.329135663527916e-06 0
0.05 3.05 0.009999785047775451 1.681585361532837e-08 0
0.05 3.15 0.01000007322014497 8.391011642205626e-09 0
0.05 3.25 0.009999944453213633 6.459880595271039e-09 0
0.05 3.35 0.009999697510178724 7.023836617762305e-09 0
0.05 3.45 0.01000005124434424 3.887210149653764e-09 0
0.05 3.55 0.009999816311577665 1.265760757444936e-08 0
0.05 3.65 0.009999719142169145 7.428266738734133e-09 0
0.05 3.75 0.01000027269404725 3.630782165982074e-09 0
0.15 0.05 0.05339504467061199 0.0285968753925399 0
0.15 0.15 0.05093564755904595 0.02490446888876756 0
0.15 0.25 0.04760249587635306 0.02257274088006815 0
0.15 0.35 0.04158871737764352 0.01681873743515679 0
0.15 0.45 0.03493253499272393 0.01383188511072779 0
0.15 0.5499999999999999 0.02861411533527274 0.009956281728524131 0
0.15 0.6499999999999999 0.02384774353009881 0.006679175785144022 0
0.15 0.7499999999999999 0.02109388513083146 0.006409726504628904 0
0.15 0.85 0.01901926306678313 0.00536844453765165 0
0.15 0.95 0.01732834581306299 0.003892213832299676 0
0.15 1.05 0.01591217926682906 0.00291059732563992 0
0.15 1.15 0.01460918026933151 0.002788576170674468 0
0.15 1.25 0.01366566994942577 0.001438470840878187 0
0.15 1.35 0.01293367141387 0.002691357615866771 0
0.15 1.45 0.01235094115416579 0.00186755045311788 0
0.15 1.55 0.01192689454907245 0.001303153644697807 0
0.15 1.65 0.01142591200173285 0.001457974538765264 0
0.15 1.75 0.01106371637711185 0.001370462745094218 0
0.15 1.85 0.01078578544977638 0.0006748767953021115 0
0.15 1.95 0.01054709280765567 0.0007355197816137656 0
0.15 2.05 0.01038491682851036 0.0007250732220002614 0
0.15 2.15 0.01026125137672937 0.0003817515237624556 0
0.15 2.25 0.01017269213789302 0.0004571939216108223 0
0.15 2.35 0.01010093445632212 0.000298089541022465 0
0.15 2.45 0.01006749042926153 0.0002011975284965234 0
0.15 2.55 0.01003303589710623 0.0001733777759040703 0
0.15 2.65 0.01001180000886193 6.076068215901285e-05 0
0.15 2.75 0.01000460914528446 6.853020154561471e-05 0
0.15 2.85 0.01000013937495638 5.795107844908739e-09 0
0.15 2.95 0.009999929188705754 5.399955716214769e-09 0
0.15 3.05 0.01000041342453585 6.473267195816666e-09 0
0.15 3.15 0.009999936456595155 1.030054252989765e-08 0
0.15 3.25 0.01000009770755796 1.105534735763083e-08 0
0.15 3.35 0.01000014004756679 3.258236995760036e-09 0
0.15 3.45 0.01000025817124651 1.091645729556454e-08 0
0.15 3.55 0.009999680772705095 1.891793784870909e-08 0
0.15 3.65 0.01000013551383163 1.280013563074601e-08 0
0.15 3.75 0.010000101430944 1.965404408228091e-08 0
0.25 0.05 0.04965824482044212 0.0225904161094921 0
0.25 0.15 0.04760300209565065 0.02148784664572056 0
0.25 0.25 0.04356856503426595 0.01931423176772852 0
0.25 0.35 0.03769213753646869 0.01469543891443906 0
0.25 0.45 0.0327509345992523 0.01180664166490272 0
0.25 0.5499999999999999 0.02739954499676949 0.008751511434059377 0
0.25 0.6499999999999999 0.02373136110443601 0.006799905965689464 0
0.25 0.7499999999999999 0.02070637389281824 0.00535861693421432 0
0.25 0.85 0.01848030165070388 0.004104261975325773 0
0.25 0.95 0.01683633926512313 0.00409363303300531 0
0.25 1.05 0.01555454389083833 0.003057456382451225 0
0.25 1.15 0.01446071302614948 0.002779144794986092 0
0.25 1.25 0.01361574853355358 0.002177965241107759 0
0.25 1.35 0.01268887299295473 0.002198890678171986 0
0.25 1.45 0.0120263216998374 0.001422943003443023 0
0.25 1.55 0.0115116648464903 0.00152327758291808 0
0.25 1.65 0.01117744505009039 0.001400608223822006 0
0.25 1.75 0.0108608499588702 0.0009801482005639386 0
0.25 1.85 0.0106569489548817 0.0006387192947521752 0
0.25 1.95 0.01046811673575487 0.001071795895487157 0
0.25 2.05 0.01031777511545709 0.0004705433324398333 0
0.25 2.15 0.0102191914318336 0.0003728495429734992 0
0.25 2.25 0.0101234508365029 0.0004324471014035117 0
0.25 2.35 0.01007841661237712 0.0003387378609013618 0
0.25 2.45 0.01005444049270262 0.0001260265409550423 0
0.25 2.55 0.01002966580259877 9.091859115548028e-05 0
0.25 2.65 0.01001114988922736 5.65989309299808e-05 0
0.25 2.75 0.01000257546617846 8.048678892121275e-06 0
0.25 2.85 0.009999983019750264 1.292037623116491e-05 0
0.25 2.95 0.009999987932734062 1.46391278029799e-08 0
0.25 3.05 0.01000028620370642 1.219644932921894e-08 0
0.25 3.15 0.009999845869714936 7.91306006835588e-09 0
0.25 3.25 0.01000026764680285 1.150718888295523e-08 0
0.25 3.35 0.01000017696928936 1.094746280290375e-08 0
0.25 3.45 0.009999744451989163 1.452688775742974e-08 0
0.25 3.55 0.01000029746712329 9.135575692564153e-09 0
0.25 3.65 0.009999860503342579 6.814907948101696e-09 0
0.25 3.75 0.009999671590670407 7.51546954368902e-09 0
0.35 0.05 0.04367565368069636 0.01827274423160348 0
0.35 0.15 0.04181850650944058 0.01748786649859711 0
0.35 0.25 0.03794770983254485 0.01545381116505478 0
0.35 0.35 0.03340303529710402 0.01196833670195846 0
0.35 0.45 0.02903837025640784 0.008342123017666453 0
0.35 0.5499999999999999 0.02595407747506566 0.007640463964927037 0
0.35 0.6499999999999999 0.02270695112620866 0.005590769481861906 0
0.35 0.7499999999999999 0.02025379879099373 0.004601484095516225 0
0.35 0.85 0.01833868600518618 0.004039298130780026 0
0.35 0.95 0.01661650678819732 0.003844633191166151 0
0.35 1.05 0.01546569631700699 0.003193902542058267 0
0.35 1.15 0.01440416315547182 0.002427167154584551 0
0.35 1.25 0.01350639369642854 0.002549065948283695 0
0.35 1.35 0.01283000767788552 0.001553665886766884 0
0.35 1.45 0.01220282050137392 0.001848894745489176 0
0.35 1.55 0.01155314913615415 0.001386950306844861 0
0.35 1.65 0.0112694686502188 0.0006387174844938234 0
0.35 1.75 0.01100140588655975 0.001215674840731992 0
0.35 1.85 0.0106772437075654 0.001118562720745515 0
0.35 1.95 0.0104161654710994 0.0007425169097554365 0
0.35 2.05 0.01030723269726179 0.0004710934091622632 0
0.35 2.15 0.01017508860472955 0.0006056540467495118 0
0.35 2.25 0.01013401864734974 0.0003888050614682507 0
0.35 2.35 0.01007089486270779 0.0003070213580231487 0
0.35 2.45 0.01003361311237026 0.0002066388010238097 0
0.35 2.55 0.01002355771264673 5.79282259244279e-05 0
0.35 2.65 0.01001263414578857 4.56327785999787e-09 0
0.35 2.75 0.01000496203176538 1.120852135782785e-05 0
0.35 2.85 0.01000056924420235 2.475603673373795e-06 0
0.35 2.95 0.01000009121599334 6.178710232147731e-09 0
0.35 3.05 0.00999981452968925 2.245256906509709e-09 0
0.35 3.15 0.01000005540434814 1.262162871344479e-08 0
0.35 3.25 0.01000005120410976 1.230865819529059e-08 0
0.35 3.35 0.009999934277115447 8.810384093142665e-09 0
0.35 3.45 0.01000007752949785 2.035709962734542e-09 0
0.35 3.55 0.009999687613043168 1.40446812276542e-08 0
0.35 3.65 0.009999952691040054 1.653578428217771e-08 0
0.35 3.75 0.0100001872372927 5.600759950976439e-09 0
0.45 0.05 0.03655523420864415 0.01243396889831342 0
0.45 0.15 0.03542252416849581 0.01288261421548623 0
0.45 0.25 0.03256745126312242 0.01177245306018996 0
0.45 0.35 0.02901901782980619 0.008907192009365855 0
0.45 0.45 0.02580345617341249 0.00730688174761777 0
0.45 0.5499999999999999 0.02321953441950498 0.006950806152345525 0
0.45 0.6499999999999999 0.02105225917136995 0.005636493978031558 0
0.45 0.7499999999999999 0.01906712855220366 0.004115689702575142 0
0.45 0.85 0.01775695554081828 0.004754603945742056 0
0.45 0.95 0.01618940992380195 0.003745402481138607 0
0.45 1.05 0.01488225989605775 0.002787370724273073 0
0.45 1.15 0.01412498313725407 0.002988100403201604 0
0.45 1.25 0.01329003765763387 0.002640605527572339 0
0.45 1.35 0.01242501994659932 0.001731294272429696 0
0.45 1.45 0.01192626743755063 0.001368926345068485 0
0.45 1.55 0.01155620365320588 0.001740154510116987 0
0.45 1.65 0.01108944370281454 0.001008277011706172 0
0.45 1.75 0.01085357635773903 0.0009811883760894855 0
0.45 1.85 0.01065639217486227 0.0006096261771520828 0
0.45 1.95 0.01043275580997274 0.0007456076249727716 0
0.45 2.05 0.01028645516021271 0.0006179598112849577 0
0.45 2.15 0.01015532424026274 0.0005201435757146392 0
0.45 2.25 0.01008305317135032 0.0002824205891445321 0
0.45 2.35 0.01003924868101133 0.0002346926268175938 0
0.45 2.45 0.01001833499086457 0.0001478846939660738 0
0.45 2.55 0.01000787449728392 4.218992428548644e-05 0
0.45 2.65 0.01000502848506514 0.0001063063200833262 0
0.45 2.75 0.01000200307108713 2.534173219981937e-05 0
0.45 2.85 0.009999944364633823 6.429334524116587e-09 0
0.45 2.95 0.009999856285283788 1.841768055230239e-08 0
0.45 3.05 0.01000021173525724 8.873641054130225e-09 0
0.45 3.15 0.009999806868091671 1.008713756846401e-08 0
0.45 3.25 0.009999809063270821 1.424810855590964e-08 0
0.45 3.35 0.009999928761214822 1.640586594904813e-09 0
0.45 3.45 0.01000020208693954 1.597204149842467e-08 0
0.45 3.55 0.01000003141001628 1.488614151074467e-08 0
0.45 3.65 0.009999801048902985 2.50993667709631e-08 0
0.45 3.75 0.01000048866511406 4.466960899007169e-09 0
0.5499999999999999 0.05 0.02983606563272394 0.01084241425845097 0
0.5499999999999999 0.15 0.02900844337734232 0.009240638465208334 0
0.5499999999999999 0.25 0.02760236756195484 0.008870999473921779 0
0.5499999999999999 0.35 0.02527188000982457 0.007481840928682969 0
0.5499999999999999 0.45 0.02329684551059123 0.007010559392693527 0
0.5499999999999999 0.5499999999999999 0.06392991103771087 0.003632684067178009 1
0.5499999999999999 0.6499999999999999 0.05035554182147734 0.002438427762080129 1
0.5499999999999999 0.7499999999999999 0.04346477966020053 0.00163846137683292 1
0.5499999999999999 0.85 0.03811231839405325 0.001323825972066712 1
0.5499999999999999 0.95 0.03232121021495572 0.001196856835459866 1
0.5499999999999999 1.05 0.02795999519705853 0.0007344578221877336 1
0.5499999999999999 1.15 0.02371322784539594 0.0005274672979034196 1
0.5499999999999999 1.25 0.0210055200929491 0.0006210207597500878 1
0.5499999999999999 1.35 0.01911628606585791 0.0003200834430602865 1
0.5499999999999999 1.45 0.01670121458193661 0.0003025997150050169 1
0.5499999999999999 1.55 0.01054634312006189 0.0004853564338879143 0
0.5499999999999999 1.65 0.01067005704895852 0.0007573366212636448 0
0.5499999999999999 1.75 0.01055282829880968 0.0008047682977548435 0
0.5499999999999999 1.85 0.01043731184758569 0.0004368308609790717 0
0.5499999999999999 1.95 0.01039154543056515 0.0005950389103223919 0
0.5499999999999999 2.05 0.0102618971691196 0.0005319935884779569 0
0.5499999999999999 2.15 0.0101685098598598 0.0004567807947537481 0
0.5499999999999999 2.25 0.01009418392631692 0.0002637401421716677 0
0.5499999999999999 2.35 0.01006176919082386 0.0002624501769527811 0
0.5499999999999999 2.45 0.0100279242511304 0.0001575478878996511 0
0.5499999999999999 2.55 0.01000350310819144 4.242814666011496e-05 0
0.5499999999999999 2.65 0.01000017099042751 1.044675978213162e-08 0
0.5499999999999999 2.75 0.009999628386716215 1.420252212925142e-08 0
0.5499999999999999 2.85 0.009999818195396987 1.069806071490755e-08 0
0.5499999999999999 2.95 0.009999778693825196 4.811427123816371e-09 0
0.5499999999999999 3.05 0.01000005490915669 6.509977100055582e-09 0
0.5499999999999999 3.15 0.01000008430541456 8.989801319324523e-09 0
0.5499999999999999 3.25 0.009999981099750106 2.742198834624524e-09 0
0.5499999999999999 3.35 0.01000057578940584 4.083877668039687e-09 0
0.5499999999999999 3.45 0.009999822491665217 1.547421625183934e-08 0
0.5499999999999999 3.55 0.009999787879050221 1.618071765354636e-08 0
0.5499999999999999 3.65 0.01000007049850339 9.557829283100872e-10 0
0.5499999999999999 3.75 0.009999702221826685 9.500086361173416e-09 0
0.6499999999999999 0.05 0.02523905196268526 0.007740663291098798 0
0.6499999999999999 0.15 0.02465331066812139 0.006379662353015471 0
0.6499999999999999 0.25 0.02353403552856062 0.007941858378089237 0
0.6499999999999999 0.35 0.02248509634737647 0.006932987025375304 0
0.6499999999999999 0.45 0.02086883553618116 0.005247919450813415 0
0.6499999999999999 0.5499999999999999 0.05011108330958389 0.002529471589514451 1
0.6499999999999999 0.6499999999999999 0.02479655126111167 0.0007624413958417422 1
0.6499999999999999 0.7499999999999999 0.0174181588006557 0.000514750872998264 1
0.6499999999999999 0.85 0.01501115445178325 0.0002799154506101948 1
0.6499999999999999 0.95 0.01315303086606887 0.0002130412229018615 1
0.6499999999999999 1.05 0.01187017923800452 0.0001503277146363272 1
0.6499999999999999 1.15 0.01118145529408504 0.0001263725367377163 1
0.6499999999999999 1.25 0.01076067015395646 0.0001325388160705524 1
0.6499999999999999 1.35 0.01050504555551164 3.951698124056868e-05 1
0.6499999999999999 1.45 0.0103552425758695 5.139283591907643e-05 1
0.6499999999999999 1.55 0.01009641898653915 4.228794165875845e-05 0
0.6499999999999999 1.65 0.0101188952222775 0.000138750040080044 0
0.6499999999999999 1.75 0.01017815663427552 0.0001732759191951904 0
0.6499999999999999 1.85 0.0102049982911904 0.0001550896123067947 0
0.6499999999999999 1.95 0.0101567106653175 0.0002596969951961197 0
0.6499999999999999 2.05 0.01012521400689481 0.0003037813781784 0
0.6499999999999999 2.15 0.01008424350014585 0.0002137797151698149 0
0.6499999999999999 2.25 0.0100760431478411 0.000270766585509632 0
0.6499999999999999 2.35 0.01003929561374104 8.897133877618961e-05 0
0.6499999999999999 2.45 0.01001374025655777 9.7962053007267e-05 0
0.6499999999999999 2.55 0.01000829038901031 9.044552420964369e-05 0
0.6499999999999999 2.65 0.01000237689619667 7.673829078831248e-05 0
0.6499999999999999 2.75 0.01000090089730023 1.620331633433057e-08 0
0.6499999999999999 2.85 0.01000082536412762 7.898598456909045e-06 0
0.6499999999999999 2.95 0.010000169813584 1.674798862432279e-08 0
0.6499999999999999 3.05 0.0100000956743115 1.916044399101603e-08 0
0.6499999999999999 3.15 0.01000014107340221 5.775809480316869e-09 0
0.6499999999999999 3.25 0.009999753852668509 1.65758901822391e-09 0
0.6499999999999999 3.35 0.00999981676220742 1.905778398101667e-08 0
0.6499999999999999 3.45 0.01000015571386883 1.112590061006276e-08 0
0.6499999999999999 3.55 0.01000013910970367 2.901062450947437e-09 0
0.6499999999999999 3.65 0.01000000560171145 1.612180353756105e-08 0
0.6499999999999999 3.75 0.0100000467776701 6.821169218383343e-09 0
0.7499999999999999 0.05 0.0217815408905041 0.006607856489130645 0
0.7499999999999999 0.15 0.02163237278911682 0.005560435276077282 0
0.7499999999999999 0.25 0.02074620087732675 0.005536895213343436 0
0.7499999999999999 0.35 0.01985804051390398 0.006321266691900606 0
0.7499999999999999 0.45 0.01862247789896093 0.004108801587098484 0
0.7499999999999999 0.5499999999999999 0.04428391410548653 0.001685826200071361 1
0.7499999999999999 0.6499999999999999 0.01714635469836221 0.0003770151408035251 1
0.7499999999999999 0.7499999999999999 0.01264271537588761 0.000353897478240796 1
0.7499999999999999 0.85 0.01136030373009965 6.094327025603991e-05 1
0.7499999999999999 0.95 0.01080979163630834 8.523773690428908e-05 1
0.7499999999999999 1.05 0.01056805228031621 1.525362677911514e-05 1
0.7499999999999999 1.15 0.01038919767074749 3.575690852949046e-05 1
0.7499999999999999 1.25 0.0102770000648323 2.865120755269488e-05 1
0.7499999999999999 1.35 0.01013294681271448 1.865911453881934e-05 1
0.7499999999999999 1.45 0.0101042082283951 9.957977184059952e-06 1
0.7499999999999999 1.55 0.0100133033272668 5.59866398367434e-06 0
0.7499999999999999 1.65 0.0100213476608536 1.323584951404726e-05 0
0.7499999999999999 1.75 0.01004426854417825 0.000109445903584007 0
0.7499999999999999 1.85 0.01005209401678594 6.528504306259048e-05 0
0.7499999999999999 1.95 0.01007242542545989 0.000198139928681502 0
0.7499999999999999 2.05 0.01008259245926673 6.669673751618397e-05 0
0.7499999999999999 2.15 0.01004575371524349 0.0001658496254287406 0
0.7499999999999999 2.25 0.01001489751850626 0.0001648439183896601 0
0.7499999999999999 2.35 0.01000971545681451 1.947092481995088e-05 0
0.7499999999999999 2.45 0.01001962286652668 7.404675469449601e-05 0
0.7499999999999999 2.55 0.01000940743308888 2.127886953224275e-05 0
0.7499999999999999 2.65 0.01000493136683346 2.442097582001568e-05 0
0.7499999999999999 2.75 0.01000104833546502 1.149143076317503e-08 0
0.7499999999999999 2.85 0.01000420268561853 6.185176134679561e-09 0
0.7499999999999999 2.95 0.01000018402548676 1.239213959607376e-05 0
0.7499999999999999 3.05 0.009999344156906748 2.076192266137614e-08 0
0.7499999999999999 3.15 0.01000033863394791 1.642646688640203e-08 0
0.7499999999999999 3.25 0.009999713380811532 1.099303912177762e-08 0
0.7499999999999999 3.35 0.01000018088062462 2.090408551508131e-08 0
0.7499999999999999 3.45 0.009999895183245972 5.470582334615661e-09 0
0.7499999999999999 3.55 0.009999884361431417 9.454346569684636e-09 0
0.7499999999999999 3.65 0.01000001088882087 1.267036428637385e-08 0
0.7499999999999999 3.75 0.01000004278516599 6.717934584155617e-09 0
0.85 0.05 0.01927245407463669 0.004170584214876738 0
0.85 0.15 0.01912865417767972 0.005124935926821297 0
0.85 0.25 0.01885014448079285 0.004651415213381864 0
0.85 0.35 0.01791693131580961 0.004538062961124317 0
0.85 0.45 0.01703387702669154 0.003878535366919698 0
0.85 0.5499999999999999 0.03789789817804599 0.001514239218963064 1
0.85 0.6499999999999999 0.01446748820379505 0.0002929902052356351 1
0.85 0.7499999999999999 0.01128384313131931 9.626953010494054e-05 1
0.85 0.85 0.01066622485427605 5.095755662716709e-05 1
0.85 0.95 0.01041304413863402 4.813586352393754e-05 1
0.85 1.05 0.01021867427108382 2.392147690501543e-05 1
0.85 1.15 0.01013789043440426 1.403580010553236e-05 1
0.85 1.25 0.01009008541327864 1.779187269170587e-05 1
0.85 1.35 0.01007662773654921 6.670636719078436e-06 1
0.85 1.45 0.01004028495279794 1.049259944528482e-05 1
0.85 1.55 0.01000644067695745 7.404899312989226e-08 0
0.85 1.65 0.01000872242644191 5.152572926022524e-06 0
0.85 1.75 0.01000594848082471 5.146639659354753e-05 0
0.85 1.85 0.010006766211078 1.104047977232948e-05 0
0.85 1.95 0.01001624249212496 3.47115580546472e-06 0
0.85 2.05 0.01001534604547827 5.539436831802137e-05 0
0.85 2.15 0.01002741744122614 5.131621924437733e-05 0
0.85 2.25 0.010026036559435 7.195353022030312e-05 0
0.85 2.35 0.01001050010238969 5.567583657832845e-05 0
0.85 2.45 0.01000165675576227 9.068816999430415e-06 0
0.85 2.55 0.01000000313836282 6.4547172424911e-09 0
0.85 2.65 0.009999820257967546 8.786616087884967e-09 0
0.85 2.75 0.01000013883685526 9.426500438772045e-09 0
0.85 2.85 0.01000049139536031 1.20021985454982e-08 0
0.85 2.95 0.009999674768544371 1.496153881051896e-08 0
0.85 3.05 0.01000012983403366 4.399854681294735e-09 0
0.85 3.15 0.009999809478810424 9.017704148701144e-09 0
0.85 3.25 0.009999912765625969 5.801199960703138e-09 0
0.85 3.35 0.009999599955943812 4.478158538443904e-09 0
0.85 3.45 0.01000007249661352 1.485830796900901e-08 0
0.85 3.55 0.01000033608051311 8.566522028376082e-09 0
0.85 3.65 0.01000044124723644 7.022551856488591e-09 0
0.85 3.75 0.009999701089132746 1.128345319266271e-08 0
0.95 0.05 0.01740308140513874 0.003631088457548436 0
0.95 0.15 0.01728494989309975 0.003669203080543032 0
0.95 0.25 0.01717550504708904 0.003413922966561226 0
0.95 0.35 0.01649202017835567 0.004045599731631804 0
0.95 0.45 0.01606323531916038 0.003138710032187397 0
0.95 0.5499999999999999 0.03162094081895389 0.001023553606600786 1
0.95 0.6499999999999999 0.01290438515579361 0.0003004582237763572 1
0.95 0.7499999999999999 0.01079167289111971 2.728448111631227e-05 1
0.95 0.85 0.01032113409455018 2.166127589104382e-05 1
0.95 0.95 0.01018781328463841 2.502955412145212e-05 1
0.95 1.05 0.0101294336524842 3.010279425112144e-06 1
0.95 1.15 0.01007526228262328 2.970769408633592e-06 1
0.95 1.25 0.01004182502398674 1.27471986663131e-05 1
0.95 1.35 0.01002726234174799 1.19213751100429e-06 1
0.95 1.45 0.01002008217474481 6.133056705135712e-06 1
0.95 1.55 0.010003956017013 1.523763418130333e-06 0
0.95 1.65 0.01000564052937548 2.294415292613149e-06 0
0.95 1.75 0.01000433850297057 6.722579498284008e-06 0
0.95 1.85 0.01000306775412753 3.792045223072954e-06 0
0.95 1.95 0.01000347406692072 1.225420339759828e-05 0
0.95 2.05 0.01000158037190303 2.882500273689841e-06 0
0.95 2.15 0.01000425456129562 2.245410285477877e-06 0
0.95 2.25 0.01000727172721184 1.864649506599576e-05 0
0.95 2.35 0.01001106621106785 1.547395850554568e-08 0
0.95 2.45 0.01000453750740661 3.783144530290749e-05 0
0.95 2.55 0.01000008554365963 1.218012347827366e-06 0
0.95 2.65 0.009999979123347064 2.216269913180077e-09 0
0.95 2.75 0.01000000557427385 2.661225605425183e-09 0
0.95 2.85 0.01000003025281217 6.764029186744734e-09 0
0.95 2.95 0.009999932215141744 1.539735834056713e-08 0
0.95 3.05 0.01000002944864477 7.183302898456817e-09 0
0.95 3.15 0.01000012328372137 1.636684937668913e-08 0
0.95 3.25 0.00999991793230905 1.218863695272046e-08 0
0.95 3.35 0.01000007542790428 3.567933902481629e-09 0
0.95 3.45 0.009999969295510742 5.542175683497023e-09 0
0.95 3.55 0.01000008095417528 1.135966603714243e-08 0
0.95 3.65 0.009999497709092826 1.481915736071605e-08 0
0.95 3.75 0.01000036056106936 1.010449672171659e-08 0
1.05 0.05 0.01583763118421373 0.002799884454560634 0
1.05 0.15 0.01603070433978169 0.00385141177812319 0
1.05 0.25 0.01550416371306302 0.00225419768845917 0
1.05 0.35 0.01527289116696436 0.002980424426668671 0
1.05 0.45 0.01484746574393297 0.002839341408092811 0
1.05 0.5499999999999999 0.02744154279285117 0.0008431089914384969 1
1.05 0.6499999999999999 0.01173940944525026 0.00016271992469695 1
1.05 0.7499999999999999 0.01055665468521384 5.60501684014505e-05 1
1.05 0.85 0.01022632879256625 1.952738435547502e-05 1
1.05 0.95 0.01009140204917406 1.201550948656863e-05 1
1.05 1.05 0.01005118741920493 3.568240049023163e-05 1
1.05 1.15 0.01004203541296231 4.158518932876394e-06 1
1.05 1.25 0.01002363156284912 2.599022217871449e-06 1
1.05 1.35 0.01001223758402204 8.290329405648514e-06 1
1.05 1.45 0.0100086623161394 1.290813910751048e-06 1
1.05 1.55 0.01000201540961911 5.414434102824009e-07 0
1.05 1.65 0.01000289773555764 1.901998371254334e-06 0
1.05 1.75 0.0100029758530026 5.690362194261737e-06 0
1.05 1.85 0.01000303700909257 3.083674029155355e-06 0
1.05 1.95 0.0100029853762328 5.642909556505336e-07 0
1.05 2.05 0.01000111103110925 3.31487245820864e-06 0
1.05 2.15 0.01000032236945771 3.784307571316891e-06 0
1.05 2.25 0.01000034595790979 5.166599065036906e-07 0
1.05 2.35 0.0100002639772049 1.038990503349452e-08 0
1.05 2.45 0.01000078807171491 1.174848056543518e-06 0
1.05 2.55 0.01000007396973914 3.765582631836159e-07 0
1.05 2.65 0.01000001857740486 7.847562705004613e-09 0
1.05 2.75 0.009999983757226123 2.47083438200871e-08 0
1.05 2.85 0.01000010384300922 9.8846913990396e-09 0
1.05 2.95 0.01000023853881572 1.572679289184746e-08 0
1.05 3.05 0.01000001451297607 3.238004861768798e-09 0
1.05 3.15 0.01000023954754482 4.573700091986182e-09 0
1.05 3.25 0.01000019321855973 1.681815043653799e-08 0
1.05 3.35 0.009999768868926968 1.614454461526941e-08 0
1.05 3.45 0.01000011395316549 1.639588517274418e-08 0
1.05 3.55 0.01000006598864247 6.28082137921732e-09 0
1.05 3.65 0.01000016253074478 9.506098326124696e-09 0
1.05 3.75 0.009999687278935316 7.048821783318572e-09 0
1.15 0.05 0.01449944175758551 0.002686144983641276 0
1.15 0.15 0.01477947478279807 0.002810349240202737 0
1.15 0.25 0.01439205483122636 0.003166623607591944 0
1.15 0.35 0.01437486745474789 0.002705686240887593 0
1.15 0.45 0.0137746798727786 0.00261517313742757 0
1.15 0.5499999999999999 0.02425597693293166 0.0002784951411678006 1
1.15 0.6499999999999999 0.01127134976460838 0.0001614863884303334 1
1.15 0.7499999999999999 0.01036329756114206 3.373777693352211e-05 1
1.15 0.85 0.01016071395147518 7.65305816166597e-06 1
1.15 0.95 0.01007172329161016 2.626347759735332e-06 1
1.15 1.05 0.01003384964997931 2.788995246852407e-06 1
1.15 1.15 0.01001816392423349 5.947435630689264e-07 1
1.15 1.25 0.01001180597501217 1.320163930896955e-05 1
1.15 1.35 0.01000591534726837 1.395498500920639e-07 1
1.15 1.45 0.01000258686244195 8.545724228561021e-07 1
1.15 1.55 0.01000069293374807 1.262055329362252e-08 0
1.15 1.65 0.01000091092749912 2.00336649382006e-07 0
1.15 1.75 0.01000070275575439 2.818925772296141e-06 0
1.15 1.85 0.01000056321906641 6.438471931783739e-07 0
1.15 1.95 0.01000145908162921 1.160917603195123e-06 0
1.15 2.05 0.01000079196350669 1.147009243031555e-06 0
1.15 2.15 0.01000022933749335 7.847315143808669e-06 0
1.15 2.25 0.009999834659180213 8.644002945711868e-07 0
1.15 2.35 0.0100000945836959 2.70055567906773e-09 0
1.15 2.45 0.009999448633352021 7.665549431297654e-08 0
1.15 2.55 0.01000009808142778 1.063801139255463e-08 0
1.15 2.65 0.009999725126729548 1.445953452838839e-08 0
1.15 2.75 0.01000010168471079 2.994522770329586e-08 0
1.15 2.85 0.009999808887326229 1.441640555469229e-08 0
1.15 2.95 0.00999970860587553 4.788545581723518e-09 0
1.15 3.05 0.01000033101968668 6.53155722923116e-09 0
1.15 3.15 0.009999701561952751 1.062553200019234e-08 0
1.15 3.25 0.01000022275883041 3.306316332358884e-09 0
1.15 3.35 0.01000006286452816 5.221058044422479e-09 0
1.15 3.45 0.01000027376424541 4.448865182040378e-09 0
1.15 3.55 0.009999993233691957 1.032768326684119e-08 0
1.15 3.65 0.01000037482566953 1.887141493988292e-08 0
1.15 3.75 0.009999782600449553 4.03739925750325e-09 0
1.25 0.05 0.01340414969532305 0.002440199971408919 0
1.25 0.15 0.0138012447910899 0.002279716495637434 0
1.25 0.25 0.01335998187703856 0.001993557026097121 0
1.25 0.35 0.01343753374920522 0.002203832527327713 0
1.25 0.45 0.01315273200248609 0.002352522544408362 0
1.25 0.5499999999999999 0.02141291929499171 0.0004372145176278119 1
1.25 0.6499999999999999 0.01078179562358607 7.217857095634656e-05 1
1.25 0.7499999999999999 0.01025251598094133 1.972061542476376e-05 1
1.25 0.85 0.01010585131444987 1.429134166748314e-06 1
1.25 0.95 0.01005671723903896 5.857313909341495e-06 1
1.25 1.05 0.01002797990524283 1.196875985010418e-05 1
1.25 1.15 0.01000862680950888 2.825063871096365e-06 1
1.25 1.25 0.0100078990680933 7.507363297169566e-07 1
1.25 1.35 0.01000314647404522 5.813519504300417e-07 1
1.25 1.45 0.0100018683656954 3.386838131418361e-08 1
1.25 1.55 0.01000031681135084 3.201787441728995e-08 0
1.25 1.65 0.01000071105693991 1.009935119331497e-07 0
1.25 1.75 0.01000096243690209 1.939639353097521e-06 0
1.25 1.85 0.01000049874566557 1.526883867671965e-07 0
1.25 1.95 0.01000084208202935 2.98369370034882e-06 0
1.25 2.05 0.01000062755972721 1.295145810788687e-06 0
1.25 2.15 0.01000087219243241 8.062644726725593e-07 0
1.25 2.25 0.0100007814519897 8.581529156298986e-07 0
1.25 2.35 0.009999675525599234 1.087989276220046e-08 0
1.25 2.45 0.01000021109571194 1.758514418986302e-08 0
1.25 2.55 0.009999841799996152 6.542120643125839e-09 0
1.25 2.65 0.01000053934187108 6.413018702949234e-09 0
1.25 2.75 0.01000000473014197 6.922523374706292e-09 0
1.25 2.85 0.009999943241848403 1.621957785686122e-08 0
1.25 2.95 0.009999846631054372 1.766064466017878e-08 0
1.25 3.05 0.01000007844523111 6.806115415782652e-09 0
1.25 3.15 0.009999450106520275 1.690283497410118e-08 0
1.25 3.25 0.009999830198279231 1.643733307016206e-08 0
1.25 3.35 0.01000004028643233 3.056710408309202e-09 0
1.25 3.45 0.01000015228189057 2.531546639472259e-09 0
1.25 3.55 0.00999952549569429 6.489327225150949e-09 0
1.25 3.65 0.01000018953785954 1.525984099121722e-08 0
1.25 3.75 0.009999842102623408 1.202894458955649e-08 0
1.35 0.05 0.01263349980347577 0.00139003562793841 0
1.35 0.15 0.01288008013173805 0.001904704378379038 0
1.35 0.25 0.01271484792909446 0.001776494417404404 0
1.35 0.35 0.01262975566452134 0.001836725426225654 0
1.35 0.45 0.01254456549065511 0.00191308714710655 0
1.35 0.5499999999999999 0.01866653260555296 0.0002630704853280692 1
1.35 0.6499999999999999 0.01058342023529589 5.108706457965839e-05 1
1.35 0.7499999999999999 0.01016191519526229 1.60865030382873e-05 1
1.35 0.85 0.01007412764865428 5.678909021017673e-06 1
1.35 0.95 0.01003294464735359 4.949688661523541e-06 1
1.35 1.05 0.01001703546090537 1.978644307015694e-05 1
1.35 1.15 0.01000659039056785 1.909211804040782e-06 1
1.35 1.25 0.01000303378223379 1.110781207988791e-06 1
1.35 1.35 0.01000302355377215 1.923270932635543e-07 1
1.35 1.45 0.01000111535859873 1.164415884947551e-07 1
1.35 1.55 0.01000021214112281 1.988575102196231e-08 0
1.35 1.65 0.009999796273615264 8.054837651176811e-07 0
1.35 1.75 0.01000044985982086 3.243499290529864e-07 0
1.35 1.85 0.01000050119137853 8.814579075413787e-08 0
1.35 1.95 0.01000060343883703 6.556146020735555e-07 0
1.35 2.05 0.01000013306604032 9.292550496344577e-07 0
1.35 2.15 0.00999999724724589 6.258206730440795e-09 0
1.35 2.25 0.0100001133194786 2.550917671102361e-07 0
1.35 2.35 0.01000051062977349 4.272120115455232e-07 0
1.35 2.45 0.01000040784129354 7.389599862981959e-09 0
1.35 2.55 0.01000008649687402 8.958344161834522e-09 0
1.35 2.65 0.009999554773902592 1.460973888023146e-08 0
1.35 2.75 0.01000021553873566 1.039305096160443e-08 0
1.35 2.85 0.009999988200214322 6.839828680930033e-09 0
1.35 2.95 0.01000013286652348 4.404320685718995e-09 0
1.35 3.05 0.01000013175510674 9.75220071308018e-09 0
1.35 3.15 0.01000034964815256 5.8872853832059e-09 0
1.35 3.25 0.01000018820077799 4.518891722347618e-09 0
1.35 3.35 0.01000001011618736 7.1710044485051e-09 0
1.35 3.45 0.01000016633697655 1.303950976542046e-08 0
1.35 3.55 0.01000035714535187 9.984392295109288e-09 0
1.35 3.65 0.01000001486054515 3.74794338576167e-09 0
1.35 3.75 0.0100002311238724 9.351828668476479e-09 0
1.45 0.05 0.01210331224307228 0.001193262619992774 0
1.45 0.15 0.01218517246097245 0.00166775063345491 0
1.45 0.25 0.01216771293379022 0.001834109226889119 0
1.45 0.35 0.01190122135813931 0.001542884302814107 0
1.45 0.45 0.01208156922520791 0.001565036561806287 0
1.45 0.5499999999999999 0.0163537356836385 0.0002617129818292173 1
1.45 0.6499999999999999 0.01038847120058879 1.928038077594611e-05 1
1.45 0.7499999999999999 0.01009689281782447 1.082105598605943e-05 1
1.45 0.85 0.01005533896503204 3.365130497403348e-07 1
1.45 0.95 0.01002516811058439 1.483853626447429e-06 1
1.45 1.05 0.01000950922225797 7.910895041753371e-07 1
1.45 1.15 0.01000504510734913 8.325197235209906e-07 1
1.45 1.25 0.01000199163519667 3.561630375118229e-07 1
1.45 1.35 0.01000143212037642 1.931906285470905e-07 1
1.45 1.45 0.01000131756778501 9.160629433187613e-08 1
1.45 1.55 0.01000016540093242 6.80401612250709e-08 0
1.45 1.65 0.01000018589117304 4.126503826890391e-07 0
1.45 1.75 0.009999989631016466 6.293588532140813e-08 0
1.45 1.85 0.01000064575810512 3.853638224448457e-08 0
1.45 1.95 0.01000032523412799 3.160400294574758e-07 0
1.45 2.05 0.009999884613627903 7.355298937910326e-09 0
1.45 2.15 0.01000029809459292 8.458175502834242e-07 0
1.45 2.25 0.009999810495398127 1.932054206426206e-08 0
1.45 2.35 0.01000023816923402 6.853018218998249e-09 0
1.45 2.45 0.01000014422045638 8.549578720969849e-07 0
1.45 2.55 0.01000005345332213 9.907680817407322e-09 0
1.45 2.65 0.01000039701697077 6.485923175772082e-08 0
1.45 2.75 0.01000032202393498 1.811385803540033e-08 0
1.45 2.85 0.009999913823602786 7.254817988053008e-09 0
1.45 2.95 0.009999933998742567 7.818036351918063e-09 0
1.45 3.05 0.009999535745287464 1.493441023008047e-08 0
1.45 3.15 0.009999599832639778 6.094005944555434e-09 0
1.45 3.25 0.0100000336276095 2.209082347758791e-09 0
1.45 3.35 0.01000008467773185 2.129984086283232e-08 0
1.45 3.45 0.009999744854326881 6.379176169843057e-09 0
1.45 3.55 0.01000005315952692 9.689900702315071e-09 0
1.45 3.65 0.01000004279449897 6.704951423960876e-09 0
1.45 3.75 0.009999751440670796 9.551015025813095e-10 0
1.55 0.05 0.02461181734869928 0.0005251400374143494 1
1.55 0.15 0.02340856066241907 0.0007817406295333248 1
1.55 0.25 0.0235442666429341 0.001014636069316754 1
1.55 0.35 0.02181744352965195 0.0005663832912382195 1
1.55 0.45 0.02438156205680682 0.0007354172238908301 1
1.55 0.5499999999999999 0.0104526873681331 0.000288157620616802 0
1.55 0.6499999999999999 0.01007747065408942 4.512190879857245e-05 0
1.55 0.7499999999999999 0.0100166861828127 9.014700636435622e-06 0
1.55 0.85 0.01000789088037791 1.233458445827081e-06 0
1.55 0.95 0.01000571496013037 1.337065848088401e-06 0
1.55 1.05 0.01000164963933571 3.166876649489554e-05 0
1.55 1.15 0.01000060815158633 1.517127503956904e-07 0
1.55 1.25 0.0100000317770045 1.476922074286615e-07 0
1.55 1.35 0.01000014441774568 9.390536817734722e-07 0
1.55 1.45 0.01000011619801512 4.467951396230617e-08 0
1.55 1.55 0.01000073858963248 6.664164233184957e-09 1
1.55 1.65 0.01000009165558837 1.7467494044608e-07 1
1.55 1.75 0.01000018325047649 3.767235964290544e-08 1
1.55 1.85 0.01000041199849434 4.341115272839719e-08 1
1.55 1.95 0.01000023383066363 8.819915737621233e-08 1
1.55 2.05 0.01000019394837949 1.009512240876686e-08 1
1.55 2.15 0.01000008407268695 1.31117319331503e-07 1
1.55 2.25 0.009999949979264362 1.375865169466799e-08 1
1.55 2.35 0.01000012127780949 1.055842846571857e-07 1
1.55 2.45 0.01000000295422922 9.222920331028363e-10 1
1.55 2.55 0.01000006764077867 9.378436124312137e-09 0
1.55 2.65 0.009999781623730403 9.548749317710588e-09 0
1.55 2.75 0.01000021051723778 2.339655232345293e-09 0
1.55 2.85 0.01000004202593332 2.832938808318762e-09 0
1.55 2.95 0.01000015876433182 1.868031395972151e-08 0
1.55 3.05 0.009999926060527149 1.724094938334903e-08 0
1.55 3.15 0.01000004030646963 6.117483754264524e-09 0
1.55 3.25 0.009999872424896101 1.187188511427307e-08 0
1.55 3.35 0.009999911659353562 8.217085404837163e-09 0
1.55 3.45 0.01000002814980462 1.357502393893892e-08 0
1.55 3.55 0.009999856413721493 9.316369093423916e-09 0
1.55 3.65 0.01000010991739288 1.245772118821361e-08 0
1.55 3.75 0.009999867395745671 1.050505490113546e-08 0
1.65 0.05 0.01157146961652245 9.020921309896919e-05 1
1.65 0.15 0.01168646371585668 0.0001452234822415472 1
1.65 0.25 0.01179795602948507 0.0001290584491494219 1
1.65 0.35 0.01166911808665706 8.908619267608983e-05 1
1.65 0.45 0.01141219543178367 0.0001885587074972111 1
1.65 0.5499999999999999 0.01036790839834032 0.0004576194367819226 0
1.65 0.6499999999999999 0.01013437252269654 4.732053503713482e-05 0
1.65 0.7499999999999999 0.01002782669152379 1.587837543910687e-05 0
1.65 0.85 0.01000598463128156 1.285305024955931e-05 0
1.65 0.95 0.01000605391843535 6.191601392393133e-06 0
1.65 1.05 0.01000314505672563 1.872502401899615e-06 0
1.65 1.15 0.01000117806362923 7.473745653640017e-07 0
1.65 1.25 0.01000008136673415 2.012569122012949e-07 0
1.65 1.35 0.00999983905241621 1.034914891736292e-06 0
1.65 1.45 0.01000063032146827 5.065896455719629e-09 0
1.65 1.55 0.01000078417390128 5.148429141864914e-09 1
1.65 1.65 0.01000010289677946 8.275057869838812e-08 1
1.65 1.75 0.0100000018165828 5.501042289984239e-09 1
1.65 1.85 0.01000000868526442 1.788784892627737e-08 1
1.65 1.95 0.009999895442206825 1.346963897550489e-07 1
1.65 2.05 0.01000008947691868 5.394917411621942e-08 1
1.65 2.15 0.009999837170408771 1.624585598724835e-08 1
1.65 2.25 0.0100000619135804 1.126582995973128e-08 1
1.65 2.35 0.009999961834801358 5.83417522019895e-09 1
1.65 2.45 0.01000009655824443 4.691696123002304e-09 1
1.65 2.55 0.01000033399592638 9.536757242837707e-09 0
1.65 2.65 0.009999441160154849 1.393907166279526e-08 0
1.65 2.75 0.01000009942647097 6.786066645388404e-09 0
1.65 2.85 0.009999529230708366 7.268884112675103e-09 0
1.65 2.95 0.009999995932212475 7.220002970692364e-09 0
1.65 3.05 0.01000029906688894 2.606608069835194e-09 0
1.65 3.15 0.01000034773417781 1.255251051364356e-08 0
1.65 3.25 0.009999863851622454 6.082327977281286e-09 0
1.65 3.35 0.01000005386395188 1.319917114846426e-09 0
1.65 3.45 0.009999930251642159 4.459193172227127e-09 0
1.65 3.55 0.01000003504309234 1.246594342096579e-08 0
1.65 3.65 0.01000013848155192 7.804796803453766e-09 0
1.65 3.75 0.01000037606377958 1.343539296657422e-08 0
1.75 0.05 0.01038875945812041 4.060831984438284e-05 1
1.75 0.15 0.01041353307165254 4.019618798364068e-05 1
1.75 0.25 0.01054027084731505 0.0001192998510906155 1
1.75 0.35 0.01047998738167886 9.448617031556298e-05 1
1.75 0.45 0.01029474230299981 1.446647818850876e-05 1
1.75 0.5499999999999999 0.01020125637376915 0.0001788098844753529 0
1.75 0.6499999999999999 0.01016742127534483 0.0001871099043518319 0
1.75 0.7499999999999999 0.01002786622113359 4.937765626330376e-05 0
1.75 0.85 0.01000862171201845 1.254150725221871e-05 0
1.75 0.95 0.01000234633643927 7.164201955055058e-06 0
1.75 1.05 0.01000197669787951 1.721636864705325e-05 0
1.75 1.15 0.01000105276195797 5.644364408731974e-07 0
1.75 1.25 0.01000068699694324 1.361355075532522e-06 0
1.75 1.35 0.01000048457338622 1.69292887130727e-06 0
1.75 1.45 0.009999891808928258 7.416743756656582e-09 0
1.75 1.55 0.01000048046979231 3.04484977260079e-07 1
1.75 1.65 0.01000000264493352 8.556751166582283e-07 1
1.75 1.75 0.0100001576026655 1.627188417287616e-08 1
1.75 1.85 0.01000000640616307 5.729676927302463e-09 1
1.75 1.95 0.01000001448260037 1.232056258251289e-08 1
1.75 2.05 0.00999996468131727 7.069357915424967e-09 1
1.75 2.15 0.01000012912243222 2.268242307194127e-09 1
1.75 2.25 0.009999898754604292 9.325851870992764e-09 1
1.75 2.35 0.009999920432122739 4.825120023379114e-09 1
1.75 2.45 0.009999829733985739 8.163898741117921e-09 1
1.75 2.55 0.01000022871356933 1.43573482590294e-08 0
1.75 2.65 0.01000003616176727 5.002173906678885e-09 0
1.75 2.75 0.01000006427013446 1.584511189890329e-09 0
1.75 2.85 0.009999680686164542 8.523724332862414e-09 0
1.75 2.95 0.01000023207268143 5.12003325130142e-09 0
1.75 3.05 0.01000002568139337 1.125674203183796e-08 0
1.75 3.15 0.009999987099644021 1.388037754573066e-08 0
1.75 3.25 0.009999840910776787 4.469309731290153e-09 0
1.75 3.35 0.009999973375706479 6.830188209323221e-09 0
1.75 3.45 0.0100002937365359 7.486335189852515e-09 0
1.75 3.55 0.01000014828802222 4.425171241489445e-09 0
1.75 3.65 0.009999865586480045 1.755225342895811e-08 0
1.75 3.75 0.0099998546427932 1.403157400203614e-08 0
1.85 0.05 0.01013184053814741 1.733323245274006e-05 1
1.85 0.15 0.01011791905146753 1.668802412468331e-05 1
1.85 0.25 0.01019604887116935 4.237556718341142e-05 1
1.85 0.35 0.01013655221103392 2.028463644969081e-05 1
1.85 0.45 0.01012213440139265 3.13352018339366e-06 1
1.85 0.5499999999999999 0.01010960598019441 0.0001011423615934333 0
1.85 0.6499999999999999 0.01013113470037341 0.0002703286219581919 0
1.85 0.7499999999999999 0.01007075954008535 7.884498432412497e-05 0
1.85 0.85 0.01000826560487112 1.774233925653697e-05 0
1.85 0.95 0.01000298162040338 7.007685762345853e-06 0
1.85 1.05 0.01000174773371455 9.724896405174969e-09 0
1.85 1.15 0.01000082418624672 1.025930542777828e-09 0
1.85 1.25 0.01000133697153828 1.194819327327614e-06 0
1.85 1.35 0.01000048884492401 4.997088650230276e-09 0
1.85 1.45 0.0100003143730595 1.223004562934338e-08 0
1.85 1.55 0.01000018032876028 1.30707630605171e-08 1
1.85 1.65 0.010000039713035 6.986504853674594e-09 1
1.85 1.75 0.009999948689494293 1.934196879317625e-08 1
1.85 1.85 0.009999969101692447 1.102785551802435e-08 1
1.85 1.95 0.01000002780156052 1.20605117926388e-08 1
1.85 2.05 0.01000000720768725 6.261638720703254e-09 1
1.85 2.15 0.009999958585116393 7.1003634659602e-09 1
1.85 2.25 0.01000008790833164 3.134230315114715e-08 1
1.85 2.35 0.009999952458486523 9.898160308193345e-09 1
1.85 2.45 0.01000013477049024 1.386628893282858e-08 1
1.85 2.55 0.009999660325313759 1.286128526857058e-08 0
1.85 2.65 0.01000014360851211 1.369773449785331e-08 0
1.85 2.75 0.01000024754439423 1.529878895186384e-08 0
1.85 2.85 0.009999569221726862 6.660584325731924e-09 0
1.85 2.95 0.0100002822693034 6.809666123520742e-09 0
1.85 3.05 0.01000006519598941 2.145021903316417e-09 0
1.85 3.15 0.009999705545901922 1.299252925044848e-08 0
1.85 3.25 0.009999645382283835 6.325322431811804e-09 0
1.85 3.35 0.01000024975607573 4.505298295795413e-09 0
1.85 3.45 0.009999950886883231 8.830390267728138e-09 0
1.85 3.55 0.01000029650886759 7.115939193739703e-09 0
1.85 3.65 0.009999408811677175 1.378905954028747e-08 0
1.85 3.75 0.01000027911452918 6.765902569035699e-09 0
1.95 0.05 0.01003828769877 1.667767037982256e-05 1
1.95 0.15 0.01004799611300252 1.169413132744274e-05 1
1.95 0.25 0.01006434758242897 1.547928387863759e-05 1
1.95 0.35 0.01005030001919546 1.058456066688017e-05 1
1.95 0.45 0.01005345473631588 1.652030406630461e-05 1
1.95 0.5499999999999999 0.01004838743683275 4.49108454946072e-05 0
1.95 0.6499999999999999 0.01008995382503079 0.0002077589513704458 0
1.95 0.7499999999999999 0.0100816826500219 0.0001042492274071857 0
1.95 0.85 0.01001626506376551 2.582282934653446e-05 0
1.95 0.95 0.01000407895150758 1.42609853710847e-08 0
1.95 1.05 0.01000077842380577 1.749575903440638e-06 0
1.95 1.15 0.01000050809213761 2.214262750212009e-05 0
1.95 1.25 0.01000027972559593 4.0153045008819e-07 0
1.95 1.35 0.01000050835646661 8.501734909763696e-07 0
1.95 1.45 0.01000036308046205 5.70932965659722e-07 0
1.95 1.55 0.01000008902853068 4.147498287695728e-08 1
1.95 1.65 0.00999992333328294 9.822449760591519e-09 1
1.95 1.75 0.0100000309899896 1.769266749714455e-08 1
1.95 1.85 0.009999932959257624 1.017525682464917e-08 1
1.95 1.95 0.00999992728650469 6.957643329334609e-09 1
1.95 2.05 0.009999989708337726 1.406025270820802e-08 1
1.95 2.15 0.01000000818147186 1.837379956528915e-08 1
1.95 2.25 0.009999835519768258 1.859242818378875e-08 1
1.95 2.35 0.00999999216499305 1.249759546765518e-08 1
1.95 2.45 0.01000012023891785 5.483842630718012e-09 1
1.95 2.55 0.01000006309648129 3.927285857534396e-09 0
1.95 2.65 0.009999888493560722 1.355224797354469e-08 0
1.95 2.75 0.00999992264627338 1.679541451235663e-08 0
1.95 2.85 0.01000036135333517 6.749515614953552e-09 0
1.95 2.95 0.01000060320003783 4.19879512187187e-10 0
1.95 3.05 0.01000016375291026 7.016190764291202e-09 0
1.95 3.15 0.009999994683412301 8.49825304992604e-09 0
1.95 3.25 0.01000003823047337 9.133827106720835e-09 0
1.95 3.35 0.009999853766740192 9.840663332486818e-09 0
1.95 3.45 0.009999921544676344 7.382234107405611e-09 0
1.95 3.55 0.01000008699929879 1.421115918495465e-08 0
1.95 3.65 0.009999816332240247 1.716878955328023e-08 0
1.95 3.75 0.01000002057479023 3.836841021643737e-09 0
2.05 0.05 0.01001452209888554 2.14280928877992e-06 1
2.05 0.15 0.01001390328507823 9.920796938619819e-06 1
2.05 0.25 0.01002316429507088 9.176442534138078e-06 1
2.05 0.35 0.0100215863129881 3.359366344811002e-06 1
2.05 0.45 0.01001861473206189 2.129048668324103e-06 1
2.05 0.5499999999999999 0.01001708268178502 1.166960565685317e-05 0
2.05 0.6499999999999999 0.01006616500522789 0.0001008841535985118 0
2.05 0.7499999999999999 0.01003685926673068 0.0001500284780116436 0
2.05 0.85 0.01001945339761134 5.605581710677079e-05 0
2.05 0.95 0.01000996016424039 2.221350476189948e-05 0
2.05 1.05 0.01000071243213498 8.682469059363819e-07 0
2.05 1.15 0.01000037709600633 5.876467147165667e-07 0
2.05 1.25 0.009999916366365231 5.415132812116567e-09 0
2.05 1.35 0.01000060685001415 3.894478306986135e-07 0
2.05 1.45 0.01000026833591207 1.004923371268927e-06 0
2.05 1.55 0.01000023465529822 7.571904405956454e-08 1
2.05 1.65 0.01000003090180769 7.220055174807203e-09 1
2.05 1.75 0.009999985653014538 1.292850874841121e-08 1
2.05 1.85 0.009999936196369536 2.061553228285581e-08 1
2.05 1.95 0.01000002186912554 8.439637795853096e-09 1
2.05 2.05 0.009999986356252894 9.54678774602328e-09 1
2.05 2.15 0.01000002401793467 2.685953261640921e-09 1
2.05 2.25 0.01000013598631057 9.086164015771916e-09 1
2.05 2.35 0.01000003132603368 1.258733740420908e-08 1
2.05 2.45 0.01000004214205731 7.572038473658307e-09 1
2.05 2.55 0.009999871268541089 1.823815943679261e-08 0
2.05 2.65 0.01000009220501554 1.612024573519695e-09 0
2.05 2.75 0.009999633736072728 1.533168160037734e-08 0
2.05 2.85 0.009999871135197087 1.388840921804362e-08 0
2.05 2.95 0.009999468861476974 5.989718631790544e-09 0
2.05 3.05 0.009999612437923706 1.384450189755767e-08 0
2.05 3.15 0.01000028250623387 1.565368185005122e-08 0
2.05 3.25 0.01000013111642474 8.321400899095878e-09 0
2.05 3.35 0.01000009699248907 1.261606810035476e-08 0
2.05 3.45 0.01000018314592368 2.391643771060407e-09 0
2.05 3.55 0.009999793382992412 1.515607631029743e-08 0
2.05 3.65 0.009999841822975104 2.805081370018783e-08 0
2.05 3.75 0.01000009354698208 2.038559129169955e-08 0
2.15 0.05 0.01000595220024593 4.284078153626713e-07 1
2.15 0.15 0.01000773781115839 5.559810821190974e-07 1
2.15 0.25 0.01000940006407858 7.990981787776629e-07 1
2.15 0.35 0.01001005901999064 6.820118543707133e-07 1
2.15 0.45 0.01000790829807897 1.898212059834963e-06 1
2.15 0.5499999999999999 0.01000596286353129 3.69589436393781e-05 0
2.15 0.6499999999999999 0.01002948602214514 9.775025645118095e-05 0
2.15 0.7499999999999999 0.01001748592843709 0.0001083074632052778 0
2.15 0.85 0.01001875476355052 3.939213549442721e-05 0
2.15 0.95 0.01000736720283569 3.54857037528682e-05 0
2.15 1.05 0.01000331518880117 5.253536332172789e-07 0
2.15 1.15 0.01000000172043216 9.295167391084669e-08 0
2.15 1.25 0.01000003847537258 7.00901050820074e-08 0
2.15 1.35 0.01000018924017056 5.356773888237564e-09 0
2.15 1.45 0.01000008187210412 4.354984647995204e-08 0
2.15 1.55 0.01000007145567551 5.603535953499797e-07 1
2.15 1.65 0.01000003877786128 9.451631247354171e-08 1
2.15 1.75 0.01000005464239763 1.093295130373068e-08 1
2.15 1.85 0.00999991585613515 1.772225848668432e-08 1
2.15 1.95 0.01000004179605853 6.464881020440788e-09 1
2.15 2.05 0.009999999931726084 1.554407869836088e-08 1
2.15 2.15 0.01000008878724458 2.143204546211779e-08 1
2.15 2.25 0.009999853638991713 2.287524932007442e-08 1
2.15 2.35 0.01000010132274256 1.291440287764555e-08 1
2.15 2.45 0.00999990655189777 1.117485872561904e-08 1
2.15 2.55 0.01000016404323091 8.055242704811225e-09 0
2.15 2.65 0.01000003265087969 4.682520646053958e-09 0
2.15 2.75 0.01000007972396645 8.264057919547136e-09 0
2.15 2.85 0.009999359810990999 1.086878465060518e-08 0
2.15 2.95 0.0100004374360735 1.634028070378254e-08 0
2.15 3.05 0.010000250013683 5.05837691346298e-09 0
2.15 3.15 0.009999967619347534 6.300320861542763e-09 0
2.15 3.25 0.009999797237395431 1.062083180941566e-08 0
2.15 3.35 0.009999735839355001 4.941302350200847e-09 0
2.15 3.45 0.01000003129460282 6.741245665809131e-09 0
2.15 3.55 0.01000008429541368 1.324571553545325e-08 0
2.15 3.65 0.01000005035001962 8.399895639023085e-09 0
2.15 3.75 0.009999785874442186 9.974291701010956e-09 0
2.25 0.05 0.01000237204712619 6.850040795180705e-07 1
2.25 0.15 0.01000397825072298 7.613457875890932e-07 1
2.25 0.25 0.01000542590083299 1.679203853740349e-09 1
2.25 0.35 0.01000524846817597 6.473300605619338e-08 1
2.25 0.45 0.01000362493123021 4.238142427643718e-07 1
2.25 0.5499999999999999 0.01000342309269854 4.516429869831089e-06 0
2.25 0.6499999999999999 0.01000464326285367 1.437216162709693e-05 0
2.25 0.7499999999999999 0.01001802720368216 2.54258531269187e-05 0
2.25 0.85 0.01001164893344664 2.715382600621876e-05 0
2.25 0.95 0.01000111433743513 2.175387196050534e-05 0
2.25 1.05 0.0100043894521923 5.762122911375571e-07 0
2.25 1.15 0.01000058521408732 5.659298282937752e-06 0
2.25 1.25 0.01000010823914778 5.602814074357606e-09 0
2.25 1.35 0.01000026443545877 5.200522115183175e-07 0
2.25 1.45 0.009999825504544053 1.342087218665935e-08 0
2.25 1.55 0.01000021677915143 1.522703284031502e-08 1
2.25 1.65 0.01000002716008254 4.792123223494264e-09 1
2.25 1.75 0.01000011395415314 1.373766505897712e-08 1
2.25 1.85 0.0100000414786129 1.322846519655971e-08 1
2.25 1.95 0.009999888963499477 6.778840956048776e-09 1
2.25 2.05 0.01000009929439174 6.955492429333344e-09 1
2.25 2.15 0.00999986011659772 3.637686862502222e-09 1
2.25 2.25 0.009999988705332048 1.829259088676328e-09 1
2.25 2.35 0.009999889792773903 1.137917441683321e-08 1
2.25 2.45 0.01000005572230535 1.335654603685219e-08 1
2.25 2.55 0.01000011515947876 1.803744155519523e-08 0
2.25 2.65 0.009999813029197075 2.138794937290903e-08 0
2.25 2.75 0.01000010536754971 8.398879978301599e-09 0
2.25 2.85 0.01000025181164034 1.343937816025495e-08 0
2.25 2.95 0.01000030316909019 1.259965005211317e-08 0
2.25 3.05 0.009999697485505128 4.1844416433149e-09 0
2.25 3.15 0.01000008232083318 1.130022294364478e-08 0
2.25 3.25 0.01000032348672221 6.489644371590734e-09 0
2.25 3.35 0.01000018904452617 3.165831714289688e-09 0
2.25 3.45 0.01000018132183968 7.913094666700714e-09 0
2.25 3.55 0.009999610667933329 1.087808881574924e-08 0
2.25 3.65 0.009999988035499858 1.744753486523204e-08 0
2.25 3.75 0.009999989040139785 2.335615499099213e-08 0
2.35 0.05 0.01000054091618864 2.500641113912776e-07 1
2.35 0.15 0.01000191859612855 2.402937694000482e-08 1
2.35 0.25 0.01000235351456226 2.537765934527984e-06 1
2.35 0.35 0.01000090771900787 1.088972665395504e-06 1
2.35 0.45 0.0100033939270935 6.029381260645304e-07 1
2.35 0.5499999999999999 0.01000253798591601 5.917014345133044e-06 0
2.35 0.6499999999999999 0.01000111577800723 6.900266015708164e-09 0
2.35 0.7499999999999999 0.0100113940018437 9.610266524895342e-06 0
2.35 0.85 0.01000572309840976 1.107337102378956e-05 0
2.35 0.95 0.01000069974543351 7.574151919793922e-06 0
2.35 1.05 0.01000152629728092 4.329156548086334e-06 0
2.35 1.15 0.01000099837378045 3.70779444688338e-09 0
2.35 1.25 0.01000007936100701 4.584101064165793e-09 0
2.35 1.35 0.009999663670204346 2.789047815866627e-08 0
2.35 1.45 0.01000023155410247 7.232158966591035e-09 0
2.35 1.55 0.01000020921646851 5.431181968266121e-09 1
2.35 1.65 0.01000003040191956 1.54059845441111e-08 1
2.35 1.75 0.009999933827324132 1.2061842667122e-08 1
2.35 1.85 0.009999847367450205 1.599193307086777e-08 1
2.35 1.95 0.01000000543111725 2.245165068904351e-09 1
2.35 2.05 0.01000004676212697 3.464086402063263e-09 1
2.35 2.15 0.01000003219541825 1.22912390350904e-08 1
2.35 2.25 0.01000004799184197 2.299594815965102e-08 1
2.35 2.35 0.01000005966322405 4.870711346114241e-09 1
2.35 2.45 0.009999964043477267 5.865009870308562e-09 1
2.35 2.55 0.009999495397054265 3.829092226220647e-09 0
2.35 2.65 0.009999927122411951 1.709978572069089e-08 0
2.35 2.75 0.01000020279275362 5.033537774656182e-09 0
2.35 2.85 0.009999873201409177 8.134120002817814e-09 0
2.35 2.95 0.01000002831813575 1.969089864971971e-09 0
2.35 3.05 0.009999927261706749 1.27629179036904e-08 0
2.35 3.15 0.01000006325938387 5.527264623387955e-09 0
2.35 3.25 0.01000007140415051 2.07551873679594e-08 0
2.35 3.35 0.009999991624582667 1.838029449950398e-08 0
2.35 3.45 0.009999720349818237 1.595032644834039e-08 0
2.35 3.55 0.01000012220159676 1.599870704037186e-08 0
2.35 3.65 0.009999899361784376 1.444139213189832e-08 0
2.35 3.75 0.01000010968275035 1.160317305638259e-08 0
2.45 0.05 0.01000020953995375 4.356764641069623e-08 1
2.45 0.15 0.01000138944125041 9.132605524269472e-08 1
2.45 0.25 0.0100002413185193 1.078058954756576e-06 1
2.45 0.35 0.01000020292062999 6.657841544721588e-09 1
2.45 0.45 0.0100023181981831 1.812780534175463e-08 1
2.45 0.5499999999999999 0.009999501868482103 1.921043574684449e-08 0
2.45 0.6499999999999999 0.01000162507428172 1.188470910964172e-05 0
2.45 0.7499999999999999 0.0100067489241772 1.782630399871031e-06 0
2.45 0.85 0.01000283954294602 6.782319266166335e-06 0
2.45 0.95 0.01000064906196897 3.933347491518913e-09 0
2.45 1.05 0.009999851203958205 3.017084077289561e-06 0
2.45 1.15 0.01000141122505184 1.635645133436288e-06 0
2.45 1.25 0.009999952589030987 2.191640991897418e-08 0
2.45 1.35 0.009999833692017863 8.284543030130908e-08 0
2.45 1.45 0.01000016195016031 4.635855787736057e-09 0
2.45 1.55 0.009999970301369249 4.77135774071375e-09 1
2.45 1.65 0.009999991746867071 1.090150576354757e-07 1
2.45 1.75 0.01000028855291347 2.903915284811891e-09 1
2.45 1.85 0.01000010956789112 5.485457671810848e-09 1
2.45 1.95 0.01000001386631113 9.786067700665408e-09 1
2.45 2.05 0.0100000225525362 9.012390095841715e-09 1
2.45 2.15 0.009999938045866092 4.04140788836281e-09 1
2.45 2.25 0.01000008526109454 5.77885266929154e-09 1
2.45 2.35 0.01000006935881061 1.461600350559316e-08 1
2.45 2.45 0.009999952111276262 1.740426151261006e-08 1
2.45 2.55 0.01000011963632077 6.722646043309717e-09 0
2.45 2.65 0.01000005086040958 2.646463446958881e-09 0
2.45 2.75 0.01000024630137077 9.774227873453761e-09 0
2.45 2.85 0.009999790044194729 8.012384703328219e-09 0
2.45 2.95 0.01000061029676459 6.163001829143776e-09 0
2.45 3.05 0.01000006990242199 4.145486548143465e-09 0
2.45 3.15 0.009999783508388167 9.728799967314535e-09 0
2.45 3.25 0.009999518627311094 8.016870753119693e-09 0
2.45 3.35 0.01000008623901451 2.120756109741254e-09 0
2.45 3.45 0.01000021030907363 1.5431389819286e-09 0
2.45 3.55 0.009999911049572891 1.087547999723843e-08 0
2.45 3.65 0.009999759008043303 1.780873650597093e-08 0
2.45 3.75 0.01000019609183113 8.504959350870816e-09 0
2.55 0.05 0.01000023180819966 1.005450015960595e-07 0
2.55 0.15 0.00999965732738119 3.959267265552515e-08 0
2.55 0.25 0.01000013510886845 1.421655118851903e-08 0
2.55 0.35 0.00999995934165256 8.781172979829561e-09 0
2.55 0.45 0.009999873047686809 3.73456261676523e-06 0
2.55 0.5499999999999999 0.01000070590898673 1.533214907100571e-08 0
2.55 0.6499999999999999 0.00999979641923034 1.606777710297656e-06 0
2.55 0.7499999999999999 0.0100002671436782 3.170762807517667e-07 0
2.55 0.85 0.01000566273974414 4.515975709210442e-07 0
2.55 0.95 0.01000052465213898 1.40144564782267e-06 0
2.55 1.05 0.00999998764781353 2.960508409213567e-09 0
2.55 1.15 0.009999913521103427 2.934501385911513e-06 0
2.55 1.25 0.009999787780586761 8.36191675117079e-09 0
2.55 1.35 0.01000008110409624 1.563209557578214e-08 0
2.55 1.45 0.009999781656699586 5.127192046032959e-09 0
2.55 1.55 0.009999733292247587 1.261685322008202e-08 0
2.55 1.65 0.01000013165179027 1.15860936890292e-08 0
2.55 1.75 0.01000005291735619 8.794202887085334e-09 0
2.55 1.85 0.009999601704102763 1.549042214313095e-08 0
2.55 1.95 0.009999916169768714 2.388624247733767e-09 0
2.55 2.05 0.01000004455620087 1.418309053776166e-08 0
2.55 2.15 0.01000041233235706 5.739970131295097e-09 0
2.55 2.25 0.00999967920778801 5.009103570431769e-09 0
2.55 2.35 0.009999667251137229 6.142890144858819e-09 0
2.55 2.45 0.009999938495017919 7.483945083789379e-09 0
2.55 2.55 0.009999976405016615 9.844193561923067e-09 0
2.55 2.65 0.009999991790913616 1.363810212947681e-08 0
2.55 2.75 0.009999996747393287 1.277180577332136e-08 0
2.55 2.85 0.0100000163060733 3.228635833636304e-09 0
2.55 2.95 0.009999209537718063 8.088260476948826e-10 0
2.55 3.05 0.01000001317609702 9.40794815083106e-09 0
2.55 3.15 0.01000004359042407 3.241577375405669e-09 0
2.55 3.25 0.01000032564484656 6.56247341353445e-09 0
2.55 3.35 0.009999966147117196 1.974261753523951e-08 0
2.55 3.45 0.01000004827428626 2.29748032788216e-08 0
2.55 3.55 0.009999423737913422 1.182304973931726e-08 0
2.55 3.65 0.01000031709722705 7.818457868077662e-09 0
2.55 3.75 0.01000004853184024 9.7197004954956e-09 0
2.65 0.05 0.009999781251842994 3.68504446578939e-08 0
2.65 0.15 0.01000006209897521 1.808118226039113e-08 0
2.65 0.25 0.009999544634411568 1.810889554174461e-07 0
2.65 0.35 0.01000068811093925 1.21686108724024e-08 0
2.65 0.45 0.009999774631371711 1.523073294251592e-08 0
2.65 0.5499999999999999 0.009999720339135227 6.153016789120965e-09 0
2.65 0.6499999999999999 0.01000010118349394 8.678432553640566e-09 0
2.65 0.7499999999999999 0.01000019293576728 1.983670649842806e-08 0
2.65 0.85 0.01000206949213535 7.774346858120795e-06 0
2.65 0.95 0.009999626352883557 2.085360658962235e-08 0
2.65 1.05 0.009999674047425206 4.425742760752005e-09 0
2.65 1.15 0.01000061545318033 1.393055157069608e-08 0
2.65 1.25 0.00999981184319822 1.444621303307294e-09 0
2.65 1.35 0.01000012860775059 1.356887663530072e-08 0
2.65 1.45 0.0100002531070912 7.347638193689948e-09 0
2.65 1.55 0.01000022402657365 9.799509449346393e-09 0
2.65 1.65 0.01000012786888206 7.940851148410805e-09 0
2.65 1.75 0.009999529303304517 1.637271558182339e-08 0
2.65 1.85 0.01000006459584015 6.810011213783972e-09 0
2.65 1.95 0.01000045793293992 1.631009609714124e-08 0
2.65 2.05 0.01000016606632017 8.615830630680193e-09 0
2.65 2.15 0.01000016304715303 7.196019740821903e-09 0
2.65 2.25 0.01000014750479096 1.230812313576708e-08 0
2.65 2.35 0.01000008106325425 7.268898216482795e-09 0
2.65 2.45 0.01000001770469496 1.35893194042267e-08 0
2.65 2.55 0.0100007120258644 1.20507131673036e-08 0
2.65 2.65 0.009999719581796147 1.228117054177977e-08 0
2.65 2.75 0.009999796883570018 1.645341330363369e-08 0
2.65 2.85 0.01000032296346078 7.550419304597815e-09 0
2.65 2.95 0.009999925132430438 3.559688106128901e-09 0
2.65 3.05 0.01000001420734677 1.045450547173743e-08 0
2.65 3.15 0.0100000143136262 1.576550301305807e-08 0
2.65 3.25 0.009999997053736682 1.566448405455264e-08 0
2.65 3.35 0.01000008189637626 3.730304404474151e-09 0
2.65 3.45 0.009999964371886567 1.740352424879453e-08 0
2.65 3.55 0.009999769443784463 1.254250619997023e-08 0
2.65 3.65 0.01000006297496427 1.139028761535313e-08 0
2.65 3.75 0.01000021964770838 8.076551689555709e-09 0
2.75 0.05 0.009999980708336981 1.176436245642037e-08 0
2.75 0.15 0.009999740383471196 1.460937796435551e-06 0
2.75 0.25 0.01000026394383781 1.644216971718638e-08 0
2.75 0.35 0.009999479893505598 1.865675817547154e-08 0
2.75 0.45 0.01000029411793037 6.504460686809179e-09 0
2.75 0.5499999999999999 0.009999937546699162 6.206299224142726e-09 0
2.75 0.6499999999999999 0.01000046206140638 9.21099723720281e-09 0
2.75 0.7499999999999999 0.01000008562797973 4.660727623725231e-09 0
2.75 0.85 0.01000017890647755 6.873178438203158e-07 0
2.75 0.95 0.009999698991685197 2.029328213999604e-08 0
2.75 1.05 0.009999535505116914 7.538351872081207e-09 0
2.75 1.15 0.009999325718582103 1.818394362522207e-08 0
2.75 1.25 0.01000036438562603 9.253779605868033e-09 0
2.75 1.35 0.01000002335948892 2.374791875554832e-08 0
2.75 1.45 0.01000013732207052 8.998277333576756e-09 0
2.75 1.55 0.009999961203860725 2.105089291320243e-08 0
2.75 1.65 0.009999844136075926 9.31626379854048e-09 0
2.75 1.75 0.01000004187131211 5.262650675805342e-09 0
2.75 1.85 0.009999987644623193 1.354627348693857e-08 0
2.75 1.95 0.009999921862647771 1.282166361737326e-08 0
2.75 2.05 0.0100002776503635 1.12005581980565e-08 0
2.75 2.15 0.009999725576460467 2.348818156811443e-08 0
2.75 2.25 0.01000007819259054 1.286978457724177e-08 0
2.75 2.35 0.01000000968055005 8.285537337325018e-09 0
2.75 2.45 0.01000008574607904 7.042095220237818e-09 0
2.75 2.55 0.01000002246208056 4.20454709771665e-09 0
2.75 2.65 0.009999931892175202 4.848961589910583e-09 0
2.75 2.75 0.01000007964806628 5.7216178745749e-09 0
2.75 2.85 0.01000019039532831 8.778071861594379e-09 0
2.75 2.95 0.009999793860537527 1.673946796006258e-08 0
2.75 3.05 0.0100003756512811 9.890045925048312e-09 0
2.75 3.15 0.009999952758747672 8.924120063344229e-09 0
2.75 3.25 0.009999658285413066 3.455377760105313e-08 0
2.75 3.35 0.01000008246219921 7.101106256344714e-09 0
2.75 3.45 0.009999963924273065 1.017248298692597e-08 0
2.75 3.55 0.01000011695800453 7.869982018764423e-09 0
2.75 3.65 0.009999528566265643 5.936743150582363e-09 0
2.75 3.75 0.009999904891572559 1.550739962460609e-08 0
2.85 0.05 0.009999970907590101 9.473935746855246e-09 0
2.85 0.15 0.009999921923736683 1.565927220419386e-08 0
2.85 0.25 0.009999644197887254 1.398763062059137e-08 0
2.85 0.35 0.01000007557982187 7.231584411074703e-09 0
2.85 0.45 0.01000016853343468 5.319652372652795e-09 0
2.85 0.5499999999999999 0.01000029467357479 8.663040008361685e-09 0
2.85 0.6499999999999999 0.009999471863544902 1.346710095572289e-08 0
2.85 0.7499999999999999 0.009999945692730567 6.255519215207337e-09 0
2.85 0.85 0.01000040919070656 4.92606971400873e-09 0
2.85 0.95 0.01000005631701186 6.417053577659795e-09 0
2.85 1.05 0.0100003587710026 1.422464720330313e-08 0
2.85 1.15 0.01000010779648676 1.189393345484657e-08 0
2.85 1.25 0.009999917717487112 9.636520239451363e-09 0
2.85 1.35 0.01000004066744666 4.503148666127e-09 0
2.85 1.45 0.009999861702458052 5.609794027819652e-09 0
2.85 1.55 0.0100001178019339 5.387851708681382e-09 0
2.85 1.65 0.01000023753587044 1.146656623092416e-08 0
2.85 1.75 0.009999934684174722 2.377497602081958e-09 0
2.85 1.85 0.009999976632766878 1.002003091112382e-08 0
2.85 1.95 0.01000011661104651 1.315968909541337e-08 0
2.85 2.05 0.009999955087483987 5.667372229776707e-09 0
2.85 2.15 0.009999564450105542 7.9744605077551e-09 0
2.85 2.25 0.009999591824585114 1.414946412248592e-08 0
2.85 2.35 0.01000001080772308 1.944375775311868e-08 0
2.85 2.45 0.01000008376157581 8.221110609757715e-09 0
2.85 2.55 0.009999964100381082 1.983205510489375e-08 0
2.85 2.65 0.01000012375470817 1.167799922317452e-08 0
2.85 2.75 0.01000003014162644 9.293242244591737e-09 0
2.85 2.85 0.009999908258248386 1.581475277059209e-08 0
2.85 2.95 0.01000018142199423 1.018494238962809e-08 0
2.85 3.05 0.009999780509766371 5.841124967469246e-09 0
2.85 3.15 0.01000015986326077 8.368786377426772e-09 0
2.85 3.25 0.009999768666376103 6.191583343028188e-09 0
2.85 3.35 0.009999992457324542 1.672920741976591e-08 0
2.85 3.45 0.01000020110520041 6.619390058369523e-09 0
2.85 3.55 0.009999999091559037 1.114257417884744e-08 0
2.85 3.65 0.0100005916389533 7.500185621566159e-09 0
2.85 3.75 0.0099997721948283 1.204428731807748e-08 0
2.95 0.05 0.01000035194241335 1.714275282270709e-08 0
2.95 0.15 0.01000038246927971 3.040162313269742e-09 0
2.95 0.25 0.009999894677890215 8.092767094572911e-09 0
2.95 0.35 0.009999995095022602 1.260533772036076e-08 0
2.95 0.45 0.00999964028168478 1.08992702251527e-08 0
2.95 0.5499999999999999 0.01000019902688777 6.151066115831161e-08 0
2.95 0.6499999999999999 0.01000004353652586 5.44879848495096e-09 0
2.95 0.7499999999999999 0.009999760122749852 9.814012457592515e-09 0
2.95 0.85 0.009999812093852829 1.110545588150324e-08 0
2.95 0.95 0.01000007858250797 1.014153576490017e-08 0
2.95 1.05 0.009999845738889807 1.583421331358167e-08 0
2.95 1.15 0.01000009689508432 1.255489037162538e-08 0
2.95 1.25 0.009999976924565463 1.864314888220774e-08 0
2.95 1.35 0.01000002979457605 5.527564490309739e-09 0
2.95 1.45 0.009999769939849874 1.286691319324963e-08 0
2.95 1.55 0.009999827180028693 1.662690813746882e-08 0
2.95 1.65 0.009999697210400744 1.114787120870403e-08 0
2.95 1.75 0.01000023019036846 1.167213985447313e-08 0
2.95 1.85 0.009999590884537075 7.530995395119027e-09 0
2.95 1.95 0.009999832496956036 1.21884783611979e-08 0
2.95 2.05 0.009999928511739715 2.354930372627845e-08 0
2.95 2.15 0.01000057734875583 8.144747154971522e-09 0
2.95 2.25 0.01000009871506137 7.046836113345368e-09 0
2.95 2.35 0.01000064455258411 6.354342107120386e-10 0
2.95 2.45 0.00999932860237664 2.059944528162607e-08 0
2.95 2.55 0.009999984128925238 7.033207095233374e-09 0
2.95 2.65 0.009999480040644788 1.347058668063595e-08 0
2.95 2.75 0.009999766150262563 7.143608282336643e-09 0
2.95 2.85 0.009999666994396823 4.826247915207869e-09 0
2.95 2.95 0.01000002816184477 4.541171716665971e-09 0
2.95 3.05 0.01000006867928306 9.723871655107082e-10 0
2.95 3.15 0.009999793857087842 1.877596524783248e-08 0
2.95 3.25 0.01000009159837902 3.436739814226273e-09 0
2.95 3.35 0.01000007865900856 2.174438250107011e-08 0
2.95 3.45 0.01000041871257963 7.994195930204483e-09 0
2.95 3.55 0.009999846382357309 1.919391149178508e-08 0
2.95 3.65 0.01000012243034889 1.106925910212038e-08 0
2.95 3.75 0.009999883890959755 2.051684238464782e-08 0
3.05 0.05 0.009999719857955686 6.200068334396911e-09 0
3.05 0.15 0.009999887252711521 4.854884391998008e-09 0
3.05 0.25 0.01000036374760839 8.242733248103144e-09 0
3.05 0.35 0.01000009083166788 9.437356466848846e-09 0
3.05 0.45 0.01000002593084006 1.448439649983725e-08 0
3.05 0.5499999999999999 0.01000019942051069 1.001458069895959e-08 0
3.05 0.6499999999999999 0.009999856403145064 2.310692191166518e-09 0
3.05 0.7499999999999999 0.009999940375700195 7.316576529095922e-09 0
3.05 0.85 0.01000036097628566 8.475332951565616e-09 0
3.05 0.95 0.01000002835695981 2.601294214437454e-09 0
3.05 1.05 0.009999656511944583 1.877434032269249e-08 0
3.05 1.15 0.00999989072591902 9.253506439860099e-09 0
3.05 1.25 0.01000021361992922 1.24812810294463e-08 0
3.05 1.35 0.009999889775944699 1.633525108693112e-08 0
3.05 1.45 0.01000008498186191 2.071202292835894e-08 0
3.05 1.55 0.01000003291617859 8.307846135630816e-09 0
3.05 1.65 0.01000000316374696 8.529870076091429e-09 0
3.05 1.75 0.01000013330718432 1.166179585502473e-08 0
3.05 1.85 0.01000007864526311 1.756089970935792e-08 0
3.05 1.95 0.01000005255498295 7.661033533897245e-09 0
3.05 2.05 0.01000021380787132 1.803645468748362e-08 0
3.05 2.15 0.009999999850965797 1.692175609768605e-08 0
3.05 2.25 0.00999938420865178 8.317213204216369e-09 0
3.05 2.35 0.0100000347715158 7.281956728888549e-09 0
3.05 2.45 0.009999783337339214 1.507271465826025e-08 0
3.05 2.55 0.01000019144401833 7.236756440491427e-09 0
3.05 2.65 0.01000002132573798 1.791436131572505e-08 0
3.05 2.75 0.01000045118532412 2.133728869962426e-08 0
3.05 2.85 0.009999975596156081 6.130544962566592e-09 0
3.05 2.95 0.01000005110522708 8.083680728163965e-09 0
3.05 3.05 0.01000011911633849 3.621435019853557e-09 0
3.05 3.15 0.01000012863744772 2.80564498466338e-09 0
3.05 3.25 0.01000056359440706 3.32231773109139e-09 0
3.05 3.35 0.009999857058084278 2.212958924088911e-08 0
3.05 3.45 0.01000015770221609 1.864827460054706e-08 0
3.05 3.55 0.009999835240983263 1.249277696119999e-08 0
3.05 3.65 0.01000004572492643 5.647647088277393e-09 0
3.05 3.75 0.009999953043913341 1.136925889329185e-08 0
3.15 0.05 0.01000010809406206 1.043788686957702e-08 0
3.15 0.15 0.009999709350918668 9.043351278439249e-09 0
3.15 0.25 0.009999839311146137 9.167085678915303e-09 0
3.15 0.35 0.0100001245894751 8.082650225775733e-09 0
3.15 0.45 0.009999908464739211 8.237236759378752e-09 0
3.15 0.5499999999999999 0.009999754079665597 5.283542381177653e-09 0
3.15 0.6499999999999999 0.00999996582092479 1.215647534118205e-08 0
3.15 0.7499999999999999 0.009999750390431789 1.152804841171121e-08 0
3.15 0.85 0.01000001378560413 6.250477443140842e-09 0
3.15 0.95 0.01000041477720316 7.387437415853007e-09 0
3.15 1.05 0.010000404247983 5.88985095834202e-09 0
3.15 1.15 0.009999656891321113 1.931309448604946e-08 0
3.15 1.25 0.009999754614611906 4.706107227178373e-09 0
3.15 1.35 0.009999649270316841 1.646115190435301e-08 0
3.15 1.45 0.009999960774575673 8.446061704431605e-09 0
3.15 1.55 0.01000002125391987 1.055449508186734e-08 0
3.15 1.65 0.009999651239145497 1.925636056094991e-08 0
3.15 1.75 0.009999728554121252 1.049193272323323e-08 0
3.15 1.85 0.009999787756826212 1.017244569588445e-08 0
3.15 1.95 0.01000014488957448 3.945900658500318e-09 0
3.15 2.05 0.01000010562561173 9.61831331773414e-09 0
3.15 2.15 0.009999630578221858 1.245173562862558e-08 0
3.15 2.25 0.00999989480378773 2.010509679009194e-08 0
3.15 2.35 0.01000020430332129 2.751348493694819e-09 0
3.15 2.45 0.009999897128985542 1.647080785760323e-08 0
3.15 2.55 0.01000027923340653 1.094310882551648e-08 0
3.15 2.65 0.009999794319722217 2.813010735361088e-08 0
3.15 2.75 0.009999851961339918 6.080262568190099e-09 0
3.15 2.85 0.01000022641738653 7.135267138059718e-09 0
3.15 2.95 0.01000009361808964 1.63946452311784e-08 0
3.15 3.05 0.009999677569400806 5.669124759833799e-09 0
3.15 3.15 0.009999800432041756 1.166815531268988e-08 0
3.15 3.25 0.00999954382948744 1.00247627329369e-08 0
3.15 3.35 0.009999910144838826 8.111439808364348e-09 0
3.15 3.45 0.01000011041330552 6.574047407416344e-09 0
3.15 3.55 0.009999883396716886 2.935118819162587e-09 0
3.15 3.65 0.009999895270134691 4.719547841944673e-09 0
3.15 3.75 0.009999737198267983 4.392064672895092e-09 0
3.25 0.05 0.01000035074867668 5.599265365915782e-09 0
3.25 0.15 0.009999924032712788 7.89817493081538e-09 0
3.25 0.25 0.01000008582384794 2.065177021361409e-08 0
3.25 0.35 0.0100000585458885 1.240278620994182e-08 0
3.25 0.45 0.009999646181779415 1.745002743159184e-08 0
3.25 0.5499999999999999 0.01000030574277901 1.208223122874318e-08 0
3.25 0.6499999999999999 0.009999895954881172 1.060564778676433e-08 0
3.25 0.7499999999999999 0.01000007182718634 1.940089156519023e-08 0
3.25 0.85 0.0100002999771155 7.711338951008643e-09 0
3.25 0.95 0.009999919892202631 6.867501303615289e-09 0
3.25 1.05 0.0099997522450407 1.050445435044834e-08 0
3.25 1.15 0.009999950625566929 1.149418914872383e-08 0
3.25 1.25 0.0100004162684867 6.734869944925648e-09 0
3.25 1.35 0.01000043190374512 1.12893399151701e-08 0
3.25 1.45 0.01000023780439875 2.102661698957898e-08 0
3.25 1.55 0.01000009475036081 9.297922400247074e-09 0
3.25 1.65 0.01000040535625914 4.797106663729957e-09 0
3.25 1.75 0.009999871112672882 1.195596044317584e-08 0
3.25 1.85 0.01000023853383837 5.739117624454109e-09 0
3.25 1.95 0.009999895018126499 1.290797708886262e-08 0
3.25 2.05 0.009999838830190417 1.377487553839164e-08 0
3.25 2.15 0.01000013906983512 1.306901367068651e-08 0
3.25 2.25 0.01000010975569112 9.334364982479299e-09 0
3.25 2.35 0.009999916478840593 1.745689732451131e-08 0
3.25 2.45 0.009999877781276329 1.282955608159967e-08 0
3.25 2.55 0.009999746115348391 2.112123479118423e-09 0
3.25 2.65 0.01000032586681655 8.624236624947004e-09 0
3.25 2.75 0.009999962731683926 9.215039234773192e-09 0
3.25 2.85 0.009999911306913706 1.598728993594965e-08 0
3.25 2.95 0.01000022648557732 1.026659032675917e-08 0
3.25 3.05 0.009999600568506257 2.688636453050176e-09 0
3.25 3.15 0.01000017109656838 9.065132755573264e-09 0
3.25 3.25 0.01000049002450311 6.278974663153493e-09 0
3.25 3.35 0.009999983098123128 7.676741820948263e-09 0
3.25 3.45 0.01000014740784096 8.435810318246135e-09 0
3.25 3.55 0.009999528267436237 1.122373638509814e-08 0
3.25 3.65 0.0100001712842618 2.026879420473991e-08 0
3.25 3.75 0.009999947704415608 8.098401738595314e-09 0
3.35 0.05 0.00999990538209929 5.080548130755296e-09 0
3.35 0.15 0.01000019451160896 1.472057607840205e-08 0
3.35 0.25 0.009999790085917799 1.412678873722966e-08 0
3.35 0.35 0.009999612083409066 1.172937766178822e-08 0
3.35 0.45 0.01000030718106316 7.205465119587424e-09 0
3.35 0.5499999999999999 0.009999932524618633 7.224450018962022e-09 0
3.35 0.6499999999999999 0.009999817610556367 1.470862851548376e-08 0
3.35 0.7499999999999999 0.009999942716064542 3.961833564571068e-09 0
3.35 0.85 0.009999798862509696 8.000724258228772e-09 0
3.35 0.95 0.01000025946697448 5.645116388438623e-09 0
3.35 1.05 0.01000010591102253 1.207683629126391e-08 0
3.35 1.15 0.01000014467189971 8.432863238802308e-09 0
3.35 1.25 0.009999761670223112 1.235496728169783e-08 0
3.35 1.35 0.009999717602263165 1.201628609321458e-08 0
3.35 1.45 0.00999970902150395 6.490794367725957e-09 0
3.35 1.55 0.01000012983853495 1.262525902839825e-08 0
3.35 1.65 0.009999987734290134 1.445280756710778e-08 0
3.35 1.75 0.009999961896622129 1.254196161749308e-08 0
3.35 1.85 0.01000009198798381 9.853676016065539e-09 0
3.35 1.95 0.009999546566153445 4.368023050964781e-09 0
3.35 2.05 0.009999964991309302 1.237710908672022e-08 0
3.35 2.15 0.009999784154822184 2.104831926673659e-08 0
3.35 2.25 0.01000001216679948 1.445878362008883e-08 0
3.35 2.35 0.009999652213658412 1.087258162861356e-08 0
3.35 2.45 0.01000018365095258 1.382990455892079e-08 0
3.35 2.55 0.009999994102103078 7.298934940778306e-09 0
3.35 2.65 0.009999890138378337 9.161090329102987e-09 0
3.35 2.75 0.01000015078082996 7.181632297402228e-09 0
3.35 2.85 0.01000007417145156 2.97988785903335e-09 0
3.35 2.95 0.009999836371339516 1.859575224847962e-08 0
3.35 3.05 0.01000011505535227 1.437675661864265e-08 0
3.35 3.15 0.01000032149912457 3.905960875740579e-09 0
3.35 3.25 0.009999990008254262 1.03208243230229e-08 0
3.35 3.35 0.009999768761318823 7.488570426886161e-09 0
3.35 3.45 0.009999666828779969 1.268031976000689e-08 0
3.35 3.55 0.01000009771404521 1.327684463840074e-08 0
3.35 3.65 0.009999981820069909 1.229847313654639e-08 0
3.35 3.75 0.01000019045486113 8.697791859050797e-09 0
3.45 0.05 0.01000015834793246 1.133843503972161e-08 0
3.45 0.15 0.009999690955390012 3.281321727210075e-09 0
3.45 0.25 0.00999979757402571 1.338235861804444e-08 0
3.45 0.35 0.01000013752024444 2.285615169771682e-08 0
3.45 0.45 0.009999999776017749 9.621628289516802e-09 0
3.45 0.5499999999999999 0.01000050915748986 8.159288543867805e-09 0
3.45 0.6499999999999999 0.009999853038625734 6.776808504577126e-09 0
3.45 0.7499999999999999 0.009999604459633677 1.646706655847484e-08 0
3.45 0.85 0.01000047301857933 6.163400686900026e-09 0
3.45 0.95 0.009999546352869832 1.61354445328808e-08 0
3.45 1.05 0.009999994485867209 8.127926542895588e-09 0
3.45 1.15 0.0100003504247438 4.969071516776269e-09 0
3.45 1.25 0.01000006188251547 1.558462072662382e-08 0
3.45 1.35 0.01000030438397616 8.927021132402596e-09 0
3.45 1.45 0.00999965418277839 1.050740551459423e-08 0
3.45 1.55 0.009999945652492532 1.850577832680731e-08 0
3.45 1.65 0.01000022064504393 1.547561454779427e-08 0
3.45 1.75 0.01000016823249851 1.407253073228092e-08 0
3.45 1.85 0.00999980170081884 8.864095345397131e-09 0
3.45 1.95 0.01000020469900122 1.043078339939595e-08 0
3.45 2.05 0.009999825735445573 6.390700083056317e-09 0
3.45 2.15 0.01000049480049427 9.235084507531349e-09 0
3.45 2.25 0.009999545987860476 6.927470503558248e-09 0
3.45 2.35 0.01000041097112415 9.572766177905394e-09 0
3.45 2.45 0.01000001434821897 4.52976977584858e-09 0
3.45 2.55 0.01000016135783412 1.131743899757082e-08 0
3.45 2.65 0.009999884982875646 2.219843948864049e-09 0
3.45 2.75 0.009999770130101244 7.036053066216749e-09 0
3.45 2.85 0.009999943199212286 2.839096360415931e-09 0
3.45 2.95 0.009999806375721083 1.048250295952507e-08 0
3.45 3.05 0.01000018705284291 8.63825645099143e-09 0
3.45 3.15 0.01000017506403296 3.623760988157139e-09 0
3.45 3.25 0.009999736304753388 6.380097204898356e-09 0
3.45 3.35 0.01000013606580254 1.573947233481416e-09 0
3.45 3.45 0.009999941598156998 4.554525406074729e-09 0
3.45 3.55 0.01000008757321126 1.506196834133484e-08 0
3.45 3.65 0.00999985050069498 6.130005586401848e-09 0
3.45 3.75 0.01000026500344177 2.274631063798204e-08 0
3.55 0.05 0.009999733163404873 1.54130909898573e-08 0
3.55 0.15 0.01000066282284053 9.319894943824575e-10 0
3.55 0.25 0.00999964703741853 1.711443361475541e-08 0
3.55 0.35 0.01000006026992807 3.612563779441343e-09 0
3.55 0.45 0.01000043222559967 1.13191533392057e-08 0
3.55 0.5499999999999999 0.009999749616881676 4.587273144628511e-09 0
3.55 0.6499999999999999 0.009999866803220531 2.653119125893768e-09 0
3.55 0.7499999999999999 0.01000028838237611 5.452182967977973e-09 0
3.55 0.85 0.01000007313972575 1.020421057783832e-08 0
3.55 0.95 0.009999679011418867 1.30325819330414e-08 0
3.55 1.05 0.01000008240552632 5.637308963370187e-09 0
3.55 1.15 0.01000007633097923 8.1600177220505e-09 0
3.55 1.25 0.009999942452058836 9.542322035102895e-09 0
3.55 1.35 0.009999728917777024 1.235791326039136e-08 0
3.55 1.45 0.01000033214128905 9.373911421981215e-09 0
3.55 1.55 0.01000008745306559 1.032090347561342e-08 0
3.55 1.65 0.009999386420216045 1.094152913497883e-08 0
3.55 1.75 0.009999902979487846 1.903831560406166e-08 0
3.55 1.85 0.009999993263559621 1.469044586569864e-08 0
3.55 1.95 0.0100004597158231 5.408017447120187e-09 0
3.55 2.05 0.01000013252704392 1.173278268787406e-08 0
3.55 2.15 0.01000016580134102 7.118291544494175e-09 0
3.55 2.25 0.009999721700289971 1.410574654046826e-08 0
3.55 2.35 0.01000026139945533 2.140265052699378e-09 0
3.55 2.45 0.009999673358372835 1.043892959112373e-08 0
3.55 2.55 0.01000017328371485 6.822954299655516e-09 0
3.55 2.65 0.01000006333203686 1.101719872056171e-08 0
3.55 2.75 0.009999890441630872 9.540111576222591e-09 0
3.55 2.85 0.01000003326388978 7.856025305640324e-09 0
3.55 2.95 0.0100000836805242 8.076439129642183e-09 0
3.55 3.05 0.01000002252632428 6.716472446091312e-09 0
3.55 3.15 0.0100000338282419 1.289463853268377e-08 0
3.55 3.25 0.01000018114012903 1.586044525976515e-08 0
3.55 3.35 0.01000009693196148 7.654074039145734e-09 0
3.55 3.45 0.01000012391181273 7.064157959168737e-09 0
3.55 3.55 0.009999962340075403 7.575411592277444e-09 0
3.55 3.65 0.009999725947935762 1.12120602755897e-08 0
3.55 3.75 0.01000011189177087 1.882432324599769e-08 0
3.65 0.05 0.009999547559364292 7.797673044340116e-09 0
3.65 0.15 0.01000011049734852 1.086978835131532e-08 0
3.65 0.25 0.01000001974357247 6.259897794951638e-09 0
3.65 0.35 0.009999883754521339 1.163964624982499e-08 0
3.65 0.45 0.01000007498708357 9.146725235855726e-09 0
3.65 0.5499999999999999 0.009999902547509838 2.232648842289474e-09 0
3.65 0.6499999999999999 0.009999891883833673 1.769304660620008e-08 0
3.65 0.7499999999999999 0.009999885259770597 1.62737429376161e-08 0
3.65 0.85 0.01000015693557956 1.389924930046972e-08 0
3.65 0.95 0.01000046554551361 1.103932559222185e-08 0
3.65 1.05 0.00999993232830278 1.716060164092354e-08 0
3.65 1.15 0.01000028797517118 1.128983123715197e-08 0
3.65 1.25 0.01000015484346818 2.096361529596369e-09 0
3.65 1.35 0.01000010523038299 1.500927484350567e-08 0
3.65 1.45 0.01000008606899229 7.60735116892532e-09 0
3.65 1.55 0.01000001369570981 1.038066271893247e-08 0
3.65 1.65 0.00999973052494298 4.418872633426239e-09 0
3.65 1.75 0.01000038398186177 4.781710453826321e-09 0
3.65 1.85 0.009999736068835436 9.514569009721282e-09 0
3.65 1.95 0.009999183992726163 5.767017501061805e-09 0
3.65 2.05 0.009999981669797226 5.761384344224821e-09 0
3.65 2.15 0.0100004866843625 2.794528001213271e-09 0
3.65 2.25 0.009999962953220493 1.199989545107696e-08 0
3.65 2.35 0.01000008652847896 9.154393637197136e-09 0
3.65 2.45 0.009999654556371102 9.192873764634132e-09 0
3.65 2.55 0.01000000485369825 7.549300476624501e-09 0
3.65 2.65 0.009999970211883497 1.192955414576445e-08 0
3.65 2.75 0.01000021761926164 1.291575720333739e-08 0
3.65 2.85 0.009999912566368469 3.031633693473757e-09 0
3.65 2.95 0.01000018696450468 3.860245080328809e-10 0
3.65 3.05 0.009999798084188289 1.014209806784161e-08 0
3.65 3.15 0.01000016316550813 1.239586759737977e-08 0
3.65 3.25 0.01000003024864839 1.160753424060126e-08 0
3.65 3.35 0.009999986568190029 1.990125990378013e-08 0
3.65 3.45 0.009999874231689038 1.342642864572928e-08 0
3.65 3.55 0.01000005390067983 2.022423064771244e-08 0
3.65 3.65 0.010000354868709 5.806097548494483e-09 0
3.65 3.75 0.009999674486469563 1.259777529051638e-08 0
3.75 0.05 0.0100000670998567 1.618832198996359e-08 0
3.75 0.15 0.0100001301325149 9.669042301893396e-09 0
3.75 0.25 0.01000043915336647 5.813183817439068e-09 0
3.75 0.35 0.009999942349801078 4.688969361596306e-09 0
3.75 0.45 0.009999419030521612 5.526903956081026e-09 0
3.75 0.5499999999999999 0.01000049733426124 8.420169587859116e-09 0
3.75 0.6499999999999999 0.009999924095293839 1.90187911515505e-08 0
3.75 0.7499999999999999 0.009999916249214497 1.342826877166171e-08 0
3.75 0.85 0.009999997960694746 5.337474274484644e-09 0
3.75 0.95 0.009999571219009202 2.109225436965001e-08 0
3.75 1.05 0.01000020239227752 1.834885028634141e-08 0
3.75 1.15 0.009999669650533467 1.598066647022239e-09 0
3.75 1.25 0.0100000584725747 1.304765309713604e-08 0
3.75 1.35 0.009999615862316919 1.439314625300687e-08 0
3.75 1.45 0.009999867668306312 3.318384559673997e-09 0
3.75 1.55 0.01000016367582703 6.631176871148737e-09 0
3.75 1.65 0.009999998670740102 6.453840269639459e-09 0
3.75 1.75 0.01000021468738112 5.937078766236911e-09 0
3.75 1.85 0.01000023630500081 8.635661734614784e-09 0
3.75 1.95 0.009999934817618201 1.504584074205483e-08 0
3.75 2.05 0.01000045894791469 9.601506752854358e-09 0
3.75 2.15 0.009999424127226892 1.714418355228326e-08 0
3.75 2.25 0.01000046506057174 2.13981951984933e-08 0
3.75 2.35 0.009999958129534154 2.484001522815285e-09 0
3.75 2.45 0.00999963990387855 2.134367474262299e-08 0
3.75 2.55 0.0100003626899229 1.974471475374007e-08 0
3.75 2.65 0.01000019647952457 2.271934439583457e-09 0
3.75 2.75 0.009999855170754874 1.474507322166964e-08 0
3.75 2.85 0.009999965632154901 3.529531141262789e-09 0
3.75 2.95 0.009999990161227008 7.735291427367106e-09 0
3.75 3.05 0.01000002011741742 1.429005416388198e-08 0
3.75 3.15 0.01000010140333942 4.545915668127914e-09 0
3.75 3.25 0.009999929348066278 1.807051217281572e-08 0
3.75 3.35 0.009999700515817129 1.095527804676027e-08 0
3.75 3.45 0.009999931282877701 9.644881545853353e-09 0
3.75 3.55 0.01000028031155921 1.45489913324266e-08 0
3.75 3.65 0.009999781061868735 1.131643758726277e-08 0
3.75 3.75 0.01000007054026199 1.206000337316317e-08 0
